 #           1000
    0.000000000000         0.90527636E-05     -0.26119411E-20
    0.500000000000         0.81457883E-05      0.38572406E-05
    1.000000000000         0.56388356E-05      0.68784073E-05
    1.500000000000         0.21153245E-05      0.84389162E-05
    2.000000000000        -0.16287099E-05      0.82759148E-05
    2.500000000000        -0.47922615E-05      0.65360661E-05
    3.000000000000        -0.67664114E-05      0.37122020E-05
    3.500000000000        -0.72661132E-05      0.49399709E-06
    4.000000000000        -0.63654848E-05     -0.24185208E-05
    4.500000000000        -0.44366708E-05     -0.44833612E-05
    5.000000000000        -0.20204785E-05     -0.54229234E-05
    5.500000000000         0.32682140E-06     -0.52478715E-05
    6.000000000000         0.21656364E-05     -0.42046909E-05
    6.500000000000         0.32523891E-05     -0.26738403E-05
    7.000000000000         0.35547938E-05     -0.10546413E-05
    7.500000000000         0.32119048E-05      0.33015891E-06
    8.000000000000         0.24612632E-05      0.12894880E-05
    8.500000000000         0.15595456E-05      0.17737075E-05
    9.000000000000         0.71865765E-06      0.18475003E-05
    9.500000000000         0.69634093E-07      0.16421241E-05
   10.000000000000        -0.34382419E-06      0.13044895E-05
   10.500000000000        -0.54848307E-06      0.95667145E-06
   11.000000000000        -0.61186946E-06      0.67313133E-06
   11.500000000000        -0.61053529E-06      0.47657879E-06
   12.000000000000        -0.60471353E-06      0.34867063E-06
   12.500000000000        -0.62416071E-06      0.24922140E-06
   13.000000000000        -0.66628354E-06      0.13708832E-06
   13.500000000000        -0.70456933E-06     -0.13112454E-07
   14.000000000000        -0.70321708E-06     -0.20231154E-06
   14.500000000000        -0.63288677E-06     -0.40762720E-06
   15.000000000000        -0.48275687E-06     -0.59104288E-06
   15.500000000000        -0.26554389E-06     -0.71270210E-06
   16.000000000000        -0.14438212E-07     -0.74431136E-06
   16.500000000000         0.22658695E-06     -0.67839547E-06
   17.000000000000         0.41567140E-06     -0.53066659E-06
   17.500000000000         0.52491342E-06     -0.33506507E-06
   18.000000000000         0.54744003E-06     -0.13337308E-06
   18.500000000000         0.49766509E-06      0.37048605E-07
   19.000000000000         0.40497353E-06      0.15339718E-06
   19.500000000000         0.30318614E-06      0.21228611E-06
   20.000000000000         0.21944012E-06      0.22801859E-06
   20.500000000000         0.16617204E-06      0.22518265E-06
   21.000000000000         0.13872704E-06      0.22832161E-06
   21.500000000000         0.11915181E-06      0.25231696E-06
   22.000000000000         0.84629191E-07      0.29676933E-06
   22.500000000000         0.17477716E-07      0.34622054E-06
   23.000000000000        -0.86829072E-07      0.37602867E-06
   23.500000000000        -0.21643533E-06      0.36177532E-06
   24.000000000000        -0.34580624E-06      0.28889515E-06
   24.500000000000        -0.44346038E-06      0.15916163E-06
   25.000000000000        -0.48211148E-06     -0.82522149E-08
   25.500000000000        -0.44778087E-06     -0.18156835E-06
   26.000000000000        -0.34479278E-06     -0.32549651E-06
   26.500000000000        -0.19495905E-06     -0.41161997E-06
   27.000000000000        -0.31217061E-07     -0.42664510E-06
   27.500000000000         0.11216149E-06     -0.37582094E-06
   28.000000000000         0.20954903E-06     -0.28047060E-06
   28.500000000000         0.25086145E-06     -0.17055070E-06
   29.000000000000         0.24318629E-06     -0.74801296E-07
   29.500000000000         0.20674681E-06     -0.11813835E-07
   30.000000000000         0.16672191E-06      0.15020156E-07
   30.500000000000         0.14381910E-06      0.17082250E-07
   31.000000000000         0.14687589E-06      0.14918722E-07
   31.500000000000         0.17002126E-06      0.29522478E-07
   32.000000000000         0.19532334E-06      0.73627560E-07
   32.500000000000         0.19993635E-06      0.14610868E-06
   33.000000000000         0.16519633E-06      0.23148312E-06
   33.500000000000         0.84434324E-07      0.30473087E-06
   34.000000000000        -0.33288180E-07      0.33979267E-06
   34.500000000000        -0.16491453E-06      0.31881134E-06
   35.000000000000        -0.28010081E-06      0.23889598E-06
   35.500000000000        -0.35066775E-06      0.11401559E-06
   36.000000000000        -0.35959754E-06     -0.28711386E-07
   36.500000000000        -0.30650500E-06     -0.15714000E-06
   37.000000000000        -0.20770447E-06     -0.24391897E-06
   37.500000000000        -0.90838929E-07     -0.27470037E-06
   38.000000000000         0.14099856E-07     -0.25197842E-06
   38.500000000000         0.84296640E-07     -0.19329863E-06
   39.000000000000         0.11094313E-06     -0.12451556E-06
   39.500000000000         0.10107685E-06     -0.70480590E-07
   40.000000000000         0.73872601E-07     -0.46418648E-07
   40.500000000000         0.52765611E-07     -0.52995484E-07
   41.000000000000         0.56239384E-07     -0.76771403E-07
   41.500000000000         0.90573660E-07     -0.95835073E-07
   42.000000000000         0.14715146E-06     -0.88578289E-07
   42.500000000000         0.20531016E-06     -0.42454188E-07
   43.000000000000         0.23975403E-06      0.40446365E-07
   43.500000000000         0.22991601E-06      0.14305545E-06
   44.000000000000         0.16793951E-06      0.23843834E-06
   44.500000000000         0.62404094E-07      0.29863459E-06
   45.000000000000        -0.63608628E-07      0.30416982E-06
   45.500000000000        -0.17953123E-06      0.25090457E-06
   46.000000000000        -0.25703467E-06      0.15178707E-06
   46.500000000000        -0.27911195E-06      0.32843856E-07
   47.000000000000        -0.24537201E-06     -0.75240871E-07
   47.500000000000        -0.17170738E-06     -0.14705332E-06
   48.000000000000        -0.84466559E-07     -0.17044523E-06
   48.500000000000        -0.11191483E-07     -0.14983246E-06
   49.000000000000         0.28813058E-07     -0.10368925E-06
   49.500000000000         0.30758854E-07     -0.57182384E-07
   50.000000000000         0.53091069E-08     -0.32610953E-07
   50.500000000000        -0.26115489E-07     -0.41093046E-07
   51.000000000000        -0.39928247E-07     -0.78489837E-07
   51.500000000000        -0.19733816E-07     -0.12703357E-06
   52.000000000000         0.36960533E-07     -0.16207133E-06
   52.500000000000         0.11714536E-06     -0.16148681E-06
   53.000000000000         0.19645015E-06     -0.11438383E-06
   53.500000000000         0.24758422E-06     -0.25862913E-07
   54.000000000000         0.25007724E-06      0.83889893E-07
   54.500000000000         0.19783105E-06      0.18594948E-06
   55.000000000000         0.10175614E-06      0.25223006E-06
   55.500000000000        -0.13491862E-07      0.26492314E-06
   56.000000000000        -0.11755973E-06      0.22245753E-06
   56.500000000000        -0.18440522E-06      0.13987370E-06
   57.000000000000        -0.20074451E-06      0.43490785E-07
   57.500000000000        -0.16997769E-06     -0.38225290E-07
   58.000000000000        -0.11025178E-06     -0.84339718E-07
   58.500000000000        -0.47417429E-07     -0.88243312E-07
   59.000000000000        -0.54536624E-08     -0.59187397E-07
   59.500000000000         0.21772869E-08     -0.18084022E-07
   60.000000000000        -0.22857192E-07      0.10839625E-07
   60.500000000000        -0.64806942E-07      0.94598024E-08
   61.000000000000        -0.10011639E-06     -0.27195247E-07
   61.500000000000        -0.10660823E-06     -0.88834664E-07
   62.000000000000        -0.72200990E-07     -0.15349774E-06
   62.500000000000         0.35352878E-10     -0.19554037E-06
   63.000000000000         0.92346820E-07     -0.19511054E-06
   63.500000000000         0.17814131E-06     -0.14567018E-06
   64.000000000000         0.23112137E-06     -0.56830720E-07
   64.500000000000         0.23442834E-06      0.48534588E-07
   65.000000000000         0.18652542E-06      0.14187615E-06
   65.500000000000         0.10173052E-06      0.19854230E-06
   66.000000000000         0.52378550E-08      0.20593556E-06
   66.500000000000        -0.75559142E-07      0.16737678E-06
   67.000000000000        -0.12032566E-06      0.10036543E-06
   67.500000000000        -0.12233490E-06      0.29944012E-07
   68.000000000000        -0.90033720E-07     -0.20382465E-07
   68.500000000000        -0.43170223E-07     -0.36881370E-07
   69.000000000000        -0.49886819E-08     -0.20047373E-07
   69.500000000000         0.66115630E-08      0.16248841E-07
   70.000000000000        -0.14270315E-07      0.50506067E-07
   70.500000000000        -0.59454519E-07      0.62057772E-07
   71.000000000000        -0.10986531E-06      0.39128701E-07
   71.500000000000        -0.14276026E-06     -0.16457078E-07
   72.000000000000        -0.14033002E-06     -0.89608422E-07
   72.500000000000        -0.96527054E-07     -0.15718733E-06
   73.000000000000        -0.19654576E-07     -0.19619831E-06
   73.500000000000         0.70197410E-07     -0.19197645E-06
   74.000000000000         0.14791806E-06     -0.14343619E-06
   74.500000000000         0.19189614E-06     -0.63531873E-07
   75.000000000000         0.19125192E-06      0.25181289E-07
   75.500000000000         0.14924235E-06      0.98247312E-07
   76.000000000000         0.81707054E-07      0.13749704E-06
   76.500000000000         0.11208873E-07      0.13682800E-06
   77.000000000000        -0.40957716E-07      0.10359781E-06
   77.500000000000        -0.62006608E-07      0.55259128E-07
   78.000000000000        -0.51601396E-07      0.12570278E-07
   78.500000000000        -0.21193322E-07     -0.80943822E-08
   79.000000000000         0.10867918E-07     -0.55286657E-09
   79.500000000000         0.26568564E-07      0.29292530E-07
   80.000000000000         0.15134426E-07      0.66057479E-07
   80.500000000000        -0.22887449E-07      0.90920725E-07
   81.000000000000        -0.75787323E-07      0.88848323E-07
   81.500000000000        -0.12495480E-06      0.54360870E-07
   82.000000000000        -0.15163876E-06     -0.62127076E-08
   82.500000000000        -0.14373948E-06     -0.76750304E-07
   83.000000000000        -0.10020772E-06     -0.13683679E-06
   83.500000000000        -0.31528685E-07     -0.16874268E-06
   84.000000000000         0.43809495E-07     -0.16339592E-06
   84.500000000000         0.10554347E-06     -0.12327611E-06
   85.000000000000         0.13832394E-06     -0.61296137E-07
   85.500000000000         0.13653124E-06      0.38305159E-08
   86.000000000000         0.10560597E-06      0.54022123E-07
   86.500000000000         0.59552782E-07      0.77769482E-07
   87.000000000000         0.15625437E-07      0.73540246E-07
   87.500000000000        -0.11845810E-07      0.49559157E-07
   88.000000000000        -0.16290325E-07      0.20185101E-07
   88.500000000000        -0.74921636E-09      0.29366523E-09
   89.000000000000         0.23796353E-07     -0.27369202E-09
   89.500000000000         0.42900130E-07      0.19772465E-07
   90.000000000000         0.44244335E-07      0.52867742E-07
   90.500000000000         0.22327648E-07      0.85518866E-07
   91.000000000000        -0.19394216E-07      0.10332917E-06
   91.500000000000        -0.69612194E-07      0.96293907E-07
   92.000000000000        -0.11305115E-06      0.62493473E-07
   92.500000000000        -0.13572113E-06      0.89259128E-08
   93.000000000000        -0.12967953E-06     -0.50749190E-07
   93.500000000000        -0.95674505E-07     -0.10070775E-06
   94.000000000000        -0.42819242E-07     -0.12810567E-06
   94.500000000000         0.14509051E-07     -0.12710632E-06
   95.000000000000         0.61411312E-07     -0.10046676E-06
   95.500000000000         0.87198400E-07     -0.58234828E-07
   96.000000000000         0.88525478E-07     -0.14104713E-07
   96.500000000000         0.69942941E-07      0.19251024E-07
   97.000000000000         0.41789229E-07      0.34260421E-07
   97.500000000000         0.16251869E-07      0.30592698E-07
   98.000000000000         0.30099026E-08      0.14719508E-07
   98.500000000000         0.59579322E-08     -0.28460792E-08
   99.000000000000         0.22089412E-07     -0.11598187E-07
   99.500000000000         0.42845892E-07     -0.49394841E-08
  100.000000000000         0.57391648E-07      0.17402004E-07
  100.500000000000         0.56636225E-07      0.49233190E-07
  101.000000000000         0.36606653E-07      0.80031943E-07
  101.500000000000         0.26279861E-10      0.98587536E-07
  102.000000000000        -0.44411821E-07      0.96884079E-07
  102.500000000000        -0.84802901E-07      0.72909812E-07
  103.000000000000        -0.10987055E-06      0.31460286E-07
  103.500000000000        -0.11259520E-06     -0.17309825E-07
  104.000000000000        -0.92430983E-07     -0.61078246E-07
  104.500000000000        -0.55400063E-07     -0.89213030E-07
  105.000000000000        -0.12068278E-07     -0.96018950E-07
  105.500000000000         0.25895284E-07     -0.82319589E-07
  106.000000000000         0.49417950E-07     -0.54890343E-07
  106.500000000000         0.54761113E-07     -0.23975076E-07
  107.000000000000         0.44413515E-07      0.25192662E-09
  107.500000000000         0.25882790E-07      0.11081656E-07
  108.000000000000         0.88300979E-08      0.73909392E-08
  108.500000000000         0.15404259E-08     -0.62060131E-08
  109.000000000000         0.79352442E-08     -0.21202754E-07
  109.500000000000         0.26145103E-07     -0.28397633E-07
  110.000000000000         0.49130820E-07     -0.21341847E-07
  110.500000000000         0.67148095E-07      0.11500753E-08
  111.000000000000         0.71222125E-07      0.34304436E-07
  111.500000000000         0.56446396E-07      0.68774508E-07
  112.000000000000         0.23964295E-07      0.93669010E-07
  112.500000000000        -0.19075749E-07      0.10021553E-06
  113.000000000000        -0.61620895E-07      0.84816921E-07
  113.500000000000        -0.92197351E-07      0.50443301E-07
  114.000000000000        -0.10261828E-06      0.58516060E-08
  114.500000000000        -0.90659801E-07     -0.37141148E-07
  115.000000000000        -0.60780414E-07     -0.67434175E-07
  115.500000000000        -0.22615801E-07     -0.78197594E-07
  116.000000000000         0.12258173E-07     -0.68991799E-07
  116.500000000000         0.34197261E-07     -0.45716652E-07
  117.000000000000         0.38665031E-07     -0.18397947E-07
  117.500000000000         0.27609151E-07      0.24289563E-08
  118.000000000000         0.85498226E-08      0.94789621E-08
  118.500000000000        -0.83092258E-08      0.12954751E-08
  119.000000000000        -0.13933913E-07     -0.17277512E-07
  119.500000000000        -0.39072200E-08     -0.36919027E-07
  120.000000000000         0.19775594E-07     -0.47324100E-07
  120.500000000000         0.49240470E-07     -0.41131643E-07
  121.000000000000         0.73450449E-07     -0.16873529E-07
  121.500000000000         0.82170527E-07      0.20145882E-07
  122.000000000000         0.69778687E-07      0.59409842E-07
  122.500000000000         0.37544024E-07      0.88689923E-07
  123.000000000000        -0.64874659E-08      0.98279033E-07
  123.500000000000        -0.50018563E-07      0.84457788E-07
  124.000000000000        -0.80591200E-07      0.50937769E-07
  124.500000000000        -0.89815281E-07      0.77256665E-08
  125.000000000000        -0.76232738E-07     -0.32232124E-07
  125.500000000000        -0.45777974E-07     -0.57461335E-07
  126.000000000000        -0.96441220E-08     -0.61867345E-07
  126.500000000000         0.19703915E-07     -0.46738164E-07
  127.000000000000         0.32951275E-07     -0.20113196E-07
  127.500000000000         0.27199188E-07      0.62667900E-08
  128.000000000000         0.68887088E-08      0.21333575E-07
  128.500000000000        -0.17962711E-07      0.18802926E-07
  129.000000000000        -0.35578868E-07     -0.48054705E-09
  129.500000000000        -0.36906723E-07     -0.28835385E-07
  130.000000000000        -0.19117282E-07     -0.54582693E-07
  130.500000000000         0.13173581E-07     -0.66407108E-07
  131.000000000000         0.49436543E-07     -0.57645164E-07
  131.500000000000         0.76976795E-07     -0.28919579E-07
  132.000000000000         0.85543474E-07      0.11867871E-07
  132.500000000000         0.71117449E-07      0.52210408E-07
  133.000000000000         0.37482315E-07      0.79384254E-07
  133.500000000000        -0.50140517E-08      0.84962128E-07
  134.000000000000        -0.43074563E-07      0.67807656E-07
  134.500000000000        -0.65139366E-07      0.34453684E-07
  135.000000000000        -0.65441082E-07     -0.32792999E-08
  135.500000000000        -0.45952869E-07     -0.32558506E-07
  136.000000000000        -0.15522978E-07     -0.44147202E-07
  136.500000000000         0.13479606E-07     -0.35662913E-07
  137.000000000000         0.29770907E-07     -0.12298788E-07
  137.500000000000         0.27313559E-07      0.15244944E-07
  138.000000000000         0.75052075E-08      0.34845559E-07
  138.500000000000        -0.21404916E-07      0.37543371E-07
  139.000000000000        -0.47445209E-07      0.20931831E-07
  139.500000000000        -0.59430776E-07     -0.98981782E-08
  140.000000000000        -0.51179641E-07     -0.44202445E-07
  140.500000000000        -0.23877205E-07     -0.69526164E-07
  141.000000000000         0.14279103E-07     -0.76282208E-07
  141.500000000000         0.51013648E-07     -0.61273799E-07
  142.000000000000         0.74391901E-07     -0.28870060E-07
  142.500000000000         0.77091542E-07      0.10581868E-07
  143.000000000000         0.58959761E-07      0.44501716E-07
  143.500000000000         0.26938173E-07      0.62582241E-07
  144.000000000000        -0.75827303E-08      0.60395974E-07
  144.500000000000        -0.32971039E-07      0.40794516E-07
  145.000000000000        -0.41552636E-07      0.12624733E-07
  145.500000000000        -0.32259312E-07     -0.12716661E-07
  146.000000000000        -0.10781051E-07     -0.25579338E-07
  146.500000000000         0.12783817E-07     -0.21604095E-07
  147.000000000000         0.27861814E-07     -0.32204753E-08
  147.500000000000         0.27433359E-07      0.21417385E-07
  148.000000000000         0.10662393E-07      0.41613939E-07
  148.500000000000        -0.16822881E-07      0.48216020E-07
  149.000000000000        -0.45060856E-07      0.37068820E-07
  149.500000000000        -0.63469191E-07      0.10577169E-07
  150.000000000000        -0.64742024E-07     -0.23170057E-07
  150.500000000000        -0.47495439E-07     -0.53344850E-07
  151.000000000000        -0.16717364E-07     -0.70273051E-07
  151.500000000000         0.18092638E-07     -0.68832085E-07
  152.000000000000         0.46357387E-07     -0.50128687E-07
  152.500000000000         0.60136861E-07     -0.20896202E-07
  153.000000000000         0.56766343E-07      0.90968161E-08
  153.500000000000         0.39498389E-07      0.30615826E-07
  154.000000000000         0.15992061E-07      0.38172888E-07
  154.500000000000        -0.47120541E-08      0.31727446E-07
  155.000000000000        -0.15560933E-07      0.16319434E-07
  155.500000000000        -0.13952458E-07     -0.13875310E-09
  156.000000000000        -0.24281477E-08     -0.10016355E-07
  156.500000000000         0.12580250E-07     -0.88584737E-08
  157.000000000000         0.23400409E-07      0.30375692E-08
  157.500000000000         0.24124496E-07      0.20889229E-07
  158.000000000000         0.12844144E-07      0.37361777E-07
  158.500000000000        -0.76759233E-08      0.45385082E-07
  159.000000000000        -0.31067276E-07      0.40783664E-07
  159.500000000000        -0.49705758E-07      0.23768789E-07
  160.000000000000        -0.57430858E-07     -0.11971231E-08
  160.500000000000        -0.51641679E-07     -0.27037955E-07
  161.000000000000        -0.34054189E-07     -0.46542373E-07
  161.500000000000        -0.99269302E-08     -0.54759011E-07
  162.000000000000         0.13878033E-07     -0.50471426E-07
  162.500000000000         0.31241835E-07     -0.36299436E-07
  163.000000000000         0.38695287E-07     -0.17493312E-07
  163.500000000000         0.36257443E-07      0.54856522E-10
  164.000000000000         0.27006596E-07      0.11823598E-07
  164.500000000000         0.15648880E-07      0.15995206E-07
  165.000000000000         0.66802694E-08      0.13708858E-07
  165.500000000000         0.28264187E-08      0.82516805E-08
  166.000000000000         0.42810752E-08      0.35794235E-08
  166.500000000000         0.89302588E-08      0.27565750E-08
  167.000000000000         0.13382683E-07      0.68742652E-08
  167.500000000000         0.14362195E-07      0.14778045E-07
  168.000000000000         0.99392573E-08      0.23618775E-07
  168.500000000000         0.19249737E-09      0.29953058E-07
  169.000000000000        -0.12865876E-07      0.30963115E-07
  169.500000000000        -0.25998344E-07      0.25378132E-07
  170.000000000000        -0.35785063E-07      0.13832084E-07
  170.500000000000        -0.39635812E-07     -0.13881010E-08
  171.000000000000        -0.36469601E-07     -0.17051669E-07
  171.500000000000        -0.26910315E-07     -0.29884061E-07
  172.000000000000        -0.13014283E-07     -0.37382791E-07
  172.500000000000         0.23282691E-08     -0.38349811E-07
  173.000000000000         0.16120773E-07     -0.33054864E-07
  173.500000000000         0.25931541E-07     -0.23049875E-07
  174.000000000000         0.30375132E-07     -0.10723684E-07
  174.500000000000         0.29331572E-07      0.12840581E-08
  175.000000000000         0.23883063E-07      0.10687469E-07
  175.500000000000         0.15988969E-07      0.16061628E-07
  176.000000000000         0.79590960E-08      0.17147278E-07
  176.500000000000         0.18292920E-08      0.14870554E-07
  177.000000000000        -0.12143069E-08      0.11042765E-07
  177.500000000000        -0.11959299E-08      0.77827519E-08
  178.000000000000         0.64429132E-09      0.67981033E-08
  178.500000000000         0.22544572E-08      0.87386191E-08
  179.000000000000         0.15079593E-08      0.12855694E-07
  179.500000000000        -0.29395757E-08      0.17137147E-07
  180.000000000000        -0.10971531E-07      0.18941704E-07
  180.500000000000        -0.20793366E-07      0.15971797E-07
  181.000000000000        -0.29331604E-07      0.72660330E-08
  181.500000000000        -0.33189294E-07     -0.61660207E-08
  182.000000000000        -0.29873662E-07     -0.21362608E-07
  182.500000000000        -0.18865424E-07     -0.34166994E-07
  183.000000000000        -0.21024282E-08     -0.40533732E-07
  183.500000000000         0.16377743E-07     -0.37958875E-07
  184.000000000000         0.31598319E-07     -0.26511360E-07
  184.500000000000         0.39257240E-07     -0.90384952E-08
  185.000000000000         0.37236006E-07      0.96088252E-08
  185.500000000000         0.26433429E-07      0.24125774E-07
  186.000000000000         0.10563264E-07      0.30559657E-07
  186.500000000000        -0.50779433E-08      0.27715779E-07
  187.000000000000        -0.15472493E-07      0.17612630E-07
  187.500000000000        -0.17704946E-07      0.47640282E-08
  188.000000000000        -0.12053819E-07     -0.54969403E-08
  188.500000000000        -0.19008302E-08     -0.90557652E-08
  189.000000000000         0.75597139E-08     -0.46477225E-08
  189.500000000000         0.11363850E-07      0.55675635E-08
  190.000000000000         0.68103836E-08      0.16759115E-07
  190.500000000000        -0.53130768E-08      0.23271039E-07
  191.000000000000        -0.20829252E-07      0.20889639E-07
  191.500000000000        -0.33620500E-07      0.86621475E-08
  192.000000000000        -0.37926729E-07     -0.10466940E-07
  192.500000000000        -0.30636578E-07     -0.30507762E-07
  193.000000000000        -0.12681737E-07     -0.44505085E-07
  193.500000000000         0.11044821E-07     -0.47098766E-07
  194.000000000000         0.33277808E-07     -0.36601656E-07
  194.500000000000         0.46926898E-07     -0.15782571E-07
  195.000000000000         0.47646408E-07      0.89877276E-08
  195.500000000000         0.35454193E-07      0.29952260E-07
  196.000000000000         0.14763869E-07      0.40741039E-07
  196.500000000000        -0.72140252E-08      0.38664818E-07
  197.000000000000        -0.23123397E-07      0.25653701E-07
  197.500000000000        -0.28174344E-07      0.74673553E-08
  198.000000000000        -0.21883779E-07     -0.85400925E-08
  198.500000000000        -0.81712979E-08     -0.16258263E-07
  199.000000000000         0.62392907E-08     -0.13176227E-07
  199.500000000000         0.14509305E-07     -0.13425548E-08
  200.000000000000         0.12432602E-07      0.13455041E-07
  200.500000000000         0.17293808E-09      0.23990133E-07
  201.000000000000        -0.17698479E-07      0.24499646E-07
  201.500000000000        -0.33903851E-07      0.13064082E-07
  202.000000000000        -0.41262135E-07     -0.74696507E-08
  202.500000000000        -0.35522915E-07     -0.30404964E-07
  203.000000000000        -0.17133717E-07     -0.47626107E-07
  203.500000000000         0.87564581E-08     -0.52627627E-07
  204.000000000000         0.34081108E-07     -0.42987808E-07
  204.500000000000         0.50763754E-07     -0.21335824E-07
  205.000000000000         0.53649794E-07      0.55646623E-08
  205.500000000000         0.42350707E-07      0.29271943E-07
  206.000000000000         0.21304602E-07      0.42729491E-07
  206.500000000000        -0.19587097E-08      0.42772737E-07
  207.000000000000        -0.19672637E-07      0.31135018E-07
  207.500000000000        -0.26709160E-07      0.13590325E-07
  208.000000000000        -0.22377569E-07     -0.24110527E-08
  208.500000000000        -0.10475609E-07     -0.10682239E-07
  209.000000000000         0.23962236E-08     -0.86724280E-08
  209.500000000000         0.95754567E-08      0.16365392E-08
  210.000000000000         0.70516220E-08      0.14635677E-07
  210.500000000000        -0.49048767E-08      0.23419335E-07
  211.000000000000        -0.21823510E-07      0.22614482E-07
  211.500000000000        -0.36777317E-07      0.10599151E-07
  212.000000000000        -0.43097637E-07     -0.97503547E-08
  212.500000000000        -0.36998967E-07     -0.32064032E-07
  213.000000000000        -0.19099912E-07     -0.48833882E-07
  213.500000000000         0.57349248E-08     -0.54203526E-07
  214.000000000000         0.30152543E-07     -0.46120458E-07
  214.500000000000         0.46976021E-07     -0.27042087E-07
  215.000000000000         0.51748813E-07     -0.29565509E-08
  215.500000000000         0.44200502E-07      0.18870204E-07
  216.000000000000         0.28112548E-07      0.32532520E-07
  216.500000000000         0.96900463E-08      0.35497253E-07
  217.000000000000        -0.48845643E-08      0.29250622E-07
  217.500000000000        -0.11747860E-07      0.18390198E-07
  218.000000000000        -0.10625933E-07      0.85795277E-08
  218.500000000000        -0.46328437E-08      0.42084867E-08
  219.000000000000         0.12595691E-08      0.66856569E-08
  219.500000000000         0.24232560E-08      0.14007591E-07
  220.000000000000        -0.34494971E-08      0.21725537E-07
  220.500000000000        -0.15370253E-07      0.24876672E-07
  221.000000000000        -0.29434003E-07      0.20082730E-07
  221.500000000000        -0.40363316E-07      0.69808001E-08
  222.000000000000        -0.43575492E-07     -0.11557367E-07
  222.500000000000        -0.36949238E-07     -0.30466980E-07
  223.000000000000        -0.21615842E-07     -0.44347734E-07
  223.500000000000        -0.15070345E-08     -0.49392497E-07
  224.000000000000         0.18113681E-07     -0.44647577E-07
  224.500000000000         0.32526404E-07     -0.32159818E-07
  225.000000000000         0.39101891E-07     -0.16020529E-07
  225.500000000000         0.37955147E-07     -0.74347916E-09
  226.000000000000         0.31523279E-07      0.10354112E-07
  226.500000000000         0.23318079E-07      0.16144453E-07
  227.000000000000         0.16411215E-07      0.17722854E-07
  227.500000000000         0.12275894E-07      0.17554036E-07
  228.000000000000         0.10420538E-07      0.18153460E-07
  228.500000000000         0.88978275E-08      0.20883850E-07
  229.000000000000         0.54088401E-08      0.25359198E-07
  229.500000000000        -0.15043327E-08      0.29664948E-07
  230.000000000000        -0.11688135E-07      0.31251229E-07
  230.500000000000        -0.23332824E-07      0.28084642E-07
  231.000000000000        -0.33636441E-07      0.19560976E-07
  231.500000000000        -0.39866009E-07      0.68101180E-08
  232.000000000000        -0.40357709E-07     -0.77003487E-08
  232.500000000000        -0.35051902E-07     -0.21058608E-07
  233.000000000000        -0.25379762E-07     -0.30901453E-07
  233.500000000000        -0.13602734E-07     -0.36095982E-07
  234.000000000000        -0.19289582E-08     -0.36862695E-07
  234.500000000000         0.82005879E-08     -0.34351557E-07
  235.000000000000         0.16370583E-07     -0.29919623E-07
  235.500000000000         0.22935583E-07     -0.24470819E-07
  236.000000000000         0.28430864E-07     -0.18161824E-07
  236.500000000000         0.32975335E-07     -0.10585269E-07
  237.000000000000         0.35979197E-07     -0.13055484E-08
  237.500000000000         0.36309486E-07      0.95473095E-08
  238.000000000000         0.32837394E-07      0.20946784E-07
  238.500000000000         0.25099827E-07      0.31095968E-07
  239.000000000000         0.13743273E-07      0.37983943E-07
  239.500000000000         0.51113425E-09      0.40134486E-07
  240.000000000000        -0.12255754E-07      0.37206009E-07
  240.500000000000        -0.22406984E-07      0.30156471E-07
  241.000000000000        -0.28717460E-07      0.20877411E-07
  241.500000000000        -0.31238949E-07      0.11442565E-07
  242.000000000000        -0.31102072E-07      0.32987858E-08
  242.500000000000        -0.29848983E-07     -0.32351757E-08
  243.000000000000        -0.28595835E-07     -0.89251886E-08
  243.500000000000        -0.27414437E-07     -0.15039138E-07
  244.000000000000        -0.25238491E-07     -0.22481078E-07
  244.500000000000        -0.20372379E-07     -0.31043209E-07
  245.000000000000        -0.11405893E-07     -0.39146831E-07
  245.500000000000         0.18622764E-08     -0.44243892E-07
  246.000000000000         0.17923261E-07     -0.43762453E-07
  246.500000000000         0.33753641E-07     -0.36225794E-07
  247.000000000000         0.45695676E-07     -0.22069180E-07
  247.500000000000         0.50710963E-07     -0.37742205E-08
  248.000000000000         0.47514533E-07      0.14793571E-07
  248.500000000000         0.37115595E-07      0.29628968E-07
  249.000000000000         0.22512469E-07      0.37942801E-07
  249.500000000000         0.76274530E-08      0.39090065E-07
  250.000000000000        -0.41156115E-08      0.34685040E-07
  250.500000000000        -0.11006955E-07      0.27839027E-07
  251.000000000000        -0.13563281E-07      0.21815732E-07
  251.500000000000        -0.14117153E-07      0.18648087E-07
  252.000000000000        -0.15640371E-07      0.18290873E-07
  252.500000000000        -0.20281552E-07      0.18675994E-07
  253.000000000000        -0.28231338E-07      0.16670846E-07
  253.500000000000        -0.37410784E-07      0.95622835E-08
  254.000000000000        -0.44151050E-07     -0.35439251E-08
  254.500000000000        -0.44625105E-07     -0.21005200E-07
  255.000000000000        -0.36471092E-07     -0.38942429E-07
  255.500000000000        -0.19946894E-07     -0.52488065E-07
  256.000000000000         0.18767983E-08     -0.57521654E-07
  256.500000000000         0.24004330E-07     -0.52219371E-07
  257.000000000000         0.41172125E-07     -0.37799146E-07
  257.500000000000         0.49648421E-07     -0.18148913E-07
  258.000000000000         0.48480501E-07      0.15370160E-08
  258.500000000000         0.39703180E-07      0.16594293E-07
  259.000000000000         0.27428415E-07      0.24487147E-07
  259.500000000000         0.16177734E-07      0.25549650E-07
  260.000000000000         0.91195061E-08      0.22588989E-07
  260.500000000000         0.69101422E-08      0.19522750E-07
  261.000000000000         0.75959087E-08      0.19607503E-07
  261.500000000000         0.76061541E-08      0.23978993E-07
  262.000000000000         0.34296149E-08      0.31098903E-07
  262.500000000000        -0.67109249E-08      0.37338810E-07
  263.000000000000        -0.21872871E-07      0.38474137E-07
  263.500000000000        -0.38511282E-07      0.31492601E-07
  264.000000000000        -0.51674192E-07      0.15990308E-07
  264.500000000000        -0.56819273E-07     -0.54129534E-08
  265.000000000000        -0.51544694E-07     -0.27822570E-07
  265.500000000000        -0.36556420E-07     -0.45706912E-07
  266.000000000000        -0.15491684E-07     -0.54799132E-07
  266.500000000000         0.63349532E-08     -0.53535366E-07
  267.000000000000         0.23777999E-07     -0.43485643E-07
  267.500000000000         0.33589817E-07     -0.28629807E-07
  268.000000000000         0.35377383E-07     -0.13780635E-07
  268.500000000000         0.31444155E-07     -0.27820800E-08
  269.000000000000         0.25615808E-07      0.28150872E-08
  269.500000000000         0.21543916E-07      0.41009963E-08
  270.000000000000         0.21175266E-07      0.40746238E-08
  270.500000000000         0.23992862E-07      0.61583094E-08
  271.000000000000         0.27314699E-07      0.12577336E-07
  271.500000000000         0.27509096E-07      0.23264585E-07
  272.000000000000         0.21621942E-07      0.35729216E-07
  272.500000000000         0.87545181E-08      0.45937137E-07
  273.000000000000        -0.93613031E-08      0.49847978E-07
  273.500000000000        -0.28818817E-07      0.44997971E-07
  274.000000000000        -0.44842786E-07      0.31508365E-07
  274.500000000000        -0.53436241E-07      0.12133234E-07
  275.000000000000        -0.52735181E-07     -0.86592421E-08
  275.500000000000        -0.43565906E-07     -0.26204740E-07
  276.000000000000        -0.29020238E-07     -0.37172677E-07
  276.500000000000        -0.13246497E-07     -0.40535569E-07
  277.000000000000         0.52924728E-10     -0.37641971E-07
  277.500000000000         0.88346961E-08     -0.31415503E-07
  278.000000000000         0.13193894E-07     -0.25038361E-07
  278.500000000000         0.14970888E-07     -0.20660407E-07
  279.000000000000         0.16694415E-07     -0.18638661E-07
  279.500000000000         0.20320529E-07     -0.17579420E-07
  280.000000000000         0.26286973E-07     -0.15125217E-07
  280.500000000000         0.33255144E-07     -0.91350896E-08
  281.000000000000         0.38623253E-07      0.12366213E-08
  281.500000000000         0.39583890E-07      0.14999855E-07
  282.000000000000         0.34290108E-07      0.29535426E-07
  282.500000000000         0.22664882E-07      0.41455213E-07
  283.000000000000         0.65437406E-08      0.47768748E-07
  283.500000000000        -0.10889051E-07      0.46901451E-07
  284.000000000000        -0.26135539E-07      0.39184588E-07
  284.500000000000        -0.36484266E-07      0.26656832E-07
  285.000000000000        -0.40765051E-07      0.12288869E-07
  285.500000000000        -0.39503383E-07     -0.10433723E-08
  286.000000000000        -0.34465669E-07     -0.11436033E-07
  286.500000000000        -0.27821450E-07     -0.18370073E-07
  287.000000000000        -0.21280164E-07     -0.22548209E-07
  287.500000000000        -0.15541912E-07     -0.25279072E-07
  288.000000000000        -0.10250321E-07     -0.27701413E-07
  288.500000000000        -0.44193850E-08     -0.30182659E-07
  289.000000000000         0.28841805E-08     -0.32130706E-07
  289.500000000000         0.11911313E-07     -0.32272314E-07
  290.000000000000         0.21921187E-07     -0.29256263E-07
  290.500000000000         0.31312880E-07     -0.22313792E-07
  291.000000000000         0.38132222E-07     -0.11699183E-07
  291.500000000000         0.40739028E-07      0.12635914E-08
  292.000000000000         0.38366550E-07      0.14535335E-07
  292.500000000000         0.31362614E-07      0.25964893E-07
  293.000000000000         0.21040006E-07      0.33900808E-07
  293.500000000000         0.92211079E-08      0.37584890E-07
  294.000000000000        -0.23263406E-08      0.37204556E-07
  294.500000000000        -0.12341169E-07      0.33625232E-07
  295.000000000000        -0.20254019E-07      0.27948055E-07
  295.500000000000        -0.26075270E-07      0.21092272E-07
  296.000000000000        -0.30080580E-07      0.13569171E-07
  296.500000000000        -0.32463966E-07      0.55148829E-08
  297.000000000000        -0.33124999E-07     -0.30704250E-08
  297.500000000000        -0.31681678E-07     -0.12017447E-07
  298.000000000000        -0.27690585E-07     -0.20777774E-07
  298.500000000000        -0.20960422E-07     -0.28418213E-07
  299.000000000000        -0.11804774E-07     -0.33830584E-07
  299.500000000000        -0.11099358E-08     -0.36068969E-07
  300.000000000000         0.98221605E-08     -0.34669474E-07
  300.500000000000         0.19596338E-07     -0.29816338E-07
  301.000000000000         0.27081635E-07     -0.22286527E-07
  301.500000000000         0.31661874E-07     -0.13201093E-07
  302.000000000000         0.33287957E-07     -0.36923301E-08
  302.500000000000         0.32329264E-07      0.53738018E-08
  303.000000000000         0.29308287E-07      0.13512448E-07
  303.500000000000         0.24648964E-07      0.20542722E-07
  304.000000000000         0.18555521E-07      0.26378482E-07
  304.500000000000         0.11072252E-07      0.30806270E-07
  305.000000000000         0.22862200E-08      0.33373375E-07
  305.500000000000        -0.74356513E-08      0.33455758E-07
  306.000000000000        -0.17304497E-07      0.30489551E-07
  306.500000000000        -0.26153419E-07      0.24269464E-07
  307.000000000000        -0.32677262E-07      0.15178724E-07
  307.500000000000        -0.35789600E-07      0.42358031E-08
  308.000000000000        -0.34961023E-07     -0.70847269E-08
  308.500000000000        -0.30402163E-07     -0.17206753E-07
  309.000000000000        -0.23012265E-07     -0.24857330E-07
  309.500000000000        -0.14106031E-07     -0.29371873E-07
  310.000000000000        -0.50200339E-08     -0.30787055E-07
  310.500000000000         0.32517632E-08     -0.29692222E-07
  311.000000000000         0.10256241E-07     -0.26906361E-07
  311.500000000000         0.16044380E-07     -0.23116920E-07
  312.000000000000         0.20927538E-07     -0.18630469E-07
  312.500000000000         0.25140314E-07     -0.13337286E-07
  313.000000000000         0.28562735E-07     -0.69015433E-08
  313.500000000000         0.30630707E-07      0.90746761E-09
  314.000000000000         0.30485906E-07      0.98902338E-08
  314.500000000000         0.27315503E-07      0.19248148E-07
  315.000000000000         0.20749076E-07      0.27661809E-07
  315.500000000000         0.11148977E-07      0.33609102E-07
  316.000000000000        -0.33510080E-09      0.35817113E-07
  316.500000000000        -0.11988979E-07      0.33682749E-07
  317.000000000000        -0.21969067E-07      0.27501757E-07
  317.500000000000        -0.28800543E-07      0.18413750E-07
  318.000000000000        -0.31761965E-07      0.80761804E-08
  318.500000000000        -0.31020016E-07     -0.18179827E-08
  319.000000000000        -0.27471105E-07     -0.10005677E-07
  319.500000000000        -0.22356363E-07     -0.15936831E-07
  320.000000000000        -0.16800521E-07     -0.19780844E-07
  320.500000000000        -0.11450720E-07     -0.22168987E-07
  321.000000000000        -0.63489317E-08     -0.23786252E-07
  321.500000000000        -0.10779557E-08     -0.24982244E-07
  322.000000000000         0.48873850E-08     -0.25560516E-07
  322.500000000000         0.11773309E-07     -0.24833471E-07
  323.000000000000         0.19216434E-07     -0.21923925E-07
  323.500000000000         0.26216993E-07     -0.16195533E-07
  324.000000000000         0.31369189E-07     -0.76406360E-08
  324.500000000000         0.33293881E-07      0.29338297E-08
  325.000000000000         0.31118176E-07      0.14008307E-07
  325.500000000000         0.24823917E-07      0.23719324E-07
  326.000000000000         0.15331357E-07      0.30373282E-07
  326.500000000000         0.42791206E-08      0.32927483E-07
  327.000000000000        -0.64283444E-08      0.31269858E-07
  327.500000000000        -0.15150043E-07      0.26200455E-07
  328.000000000000        -0.20931240E-07      0.19125178E-07
  328.500000000000        -0.23676445E-07      0.11575813E-07
  329.000000000000        -0.24021749E-07      0.47316004E-08
  329.500000000000        -0.22966407E-07     -0.88626572E-09
  330.000000000000        -0.21411338E-07     -0.54432682E-08
  330.500000000000        -0.19784189E-07     -0.95452808E-08
  331.000000000000        -0.17894767E-07     -0.13823866E-07
  331.500000000000        -0.15074419E-07     -0.18523553E-07
  332.000000000000        -0.10542200E-07     -0.23260443E-07
  332.500000000000        -0.38513724E-08     -0.27055557E-07
  333.000000000000         0.47641294E-08     -0.28640239E-07
  333.500000000000         0.14288700E-07     -0.26924520E-07
  334.000000000000         0.23123966E-07     -0.21453145E-07
  334.500000000000         0.29528746E-07     -0.12673438E-07
  335.000000000000         0.32148369E-07     -0.19051976E-08
  335.500000000000         0.30444399E-07      0.89887578E-08
  336.000000000000         0.24868719E-07      0.18122369E-07
  336.500000000000         0.16717338E-07      0.24116291E-07
  337.000000000000         0.77153043E-08      0.26453051E-07
  337.500000000000        -0.51823094E-09      0.25536060E-07
  338.000000000000        -0.69332768E-08      0.22439781E-07
  338.500000000000        -0.11277630E-07      0.18451643E-07
  339.000000000000        -0.14017222E-07      0.14581737E-07
  339.500000000000        -0.15991130E-07      0.11225537E-07
  340.000000000000        -0.17944298E-07      0.81040927E-08
  340.500000000000        -0.20126577E-07      0.44981332E-08
  341.000000000000        -0.22120127E-07     -0.32208155E-09
  341.500000000000        -0.22968077E-07     -0.66466255E-08
  342.000000000000        -0.21559113E-07     -0.14041112E-07
  342.500000000000        -0.17120507E-07     -0.21351060E-07
  343.000000000000        -0.96256356E-08     -0.27008328E-07
  343.500000000000         0.50075723E-10     -0.29534579E-07
  344.000000000000         0.10298023E-07     -0.28057157E-07
  344.500000000000         0.19220531E-07     -0.22642940E-07
  345.000000000000         0.25194683E-07     -0.14320531E-07
  345.500000000000         0.27352468E-07     -0.47766008E-08
  346.000000000000         0.25803179E-07      0.41655078E-08
  346.500000000000         0.21520110E-07      0.11094907E-07
  347.000000000000         0.15939891E-07      0.15390394E-07
  347.500000000000         0.10430647E-07      0.17293007E-07
  348.000000000000         0.58326984E-08      0.17658898E-07
  348.500000000000         0.22441195E-08      0.17500508E-07
  349.000000000000        -0.87474827E-09      0.17504409E-07
  349.500000000000        -0.43303559E-08      0.17720440E-07
  350.000000000000        -0.87165601E-08      0.17546412E-07
  350.500000000000        -0.14027492E-07      0.16013350E-07
  351.000000000000        -0.19526452E-07      0.12254911E-07
  351.500000000000        -0.23932423E-07      0.59691738E-08
  352.000000000000        -0.25858489E-07     -0.23184639E-08
  352.500000000000        -0.24334386E-07     -0.11306041E-07
  353.000000000000        -0.19208959E-07     -0.19271515E-07
  353.500000000000        -0.11272308E-07     -0.24606527E-07
  354.000000000000        -0.20447406E-08     -0.26328182E-07
  354.500000000000         0.66917034E-08     -0.24376676E-07
  355.000000000000         0.13444189E-07     -0.19588846E-07
  355.500000000000         0.17436848E-07     -0.13362956E-07
  356.000000000000         0.18759678E-07     -0.71486277E-08
  356.500000000000         0.18193502E-07     -0.19610250E-08
  357.000000000000         0.16793223E-07      0.18954265E-08
  357.500000000000         0.15404827E-07      0.47955761E-08
  358.000000000000         0.14313844E-07      0.74812402E-08
  358.500000000000         0.13165615E-07      0.10607838E-07
  359.000000000000         0.11184299E-07      0.14345075E-07
  359.500000000000         0.75941093E-08      0.18202448E-07
  360.000000000000         0.20627636E-08      0.21156515E-07
  360.500000000000        -0.50225452E-08      0.22031852E-07
  361.000000000000        -0.12568499E-07      0.19982248E-07
  361.500000000000        -0.19082423E-07      0.14875881E-07
  362.000000000000        -0.23156929E-07      0.74253147E-08
  362.500000000000        -0.23944047E-07     -0.99507736E-09
  363.000000000000        -0.21433898E-07     -0.87766073E-08
  363.500000000000        -0.16431087E-07     -0.14583708E-07
  364.000000000000        -0.10242704E-07     -0.17746028E-07
  364.500000000000        -0.42058721E-08     -0.18388558E-07
  365.000000000000         0.75622509E-09     -0.17260393E-07
  365.500000000000         0.43771611E-08     -0.15344278E-07
  366.000000000000         0.70024951E-08     -0.13415277E-07
  366.500000000000         0.92910020E-08     -0.11732805E-07
  367.000000000000         0.11799744E-07     -0.99901551E-08
  367.500000000000         0.14636478E-07     -0.75350505E-08
  368.000000000000         0.17331638E-07     -0.37599010E-08
  368.500000000000         0.18987530E-07      0.15111126E-08
  369.000000000000         0.18644118E-07      0.78096844E-08
  369.500000000000         0.15708163E-07      0.14084106E-07
  370.000000000000         0.10264000E-07      0.19016916E-07
  370.500000000000         0.31315966E-08      0.21475326E-07
  371.000000000000        -0.43589392E-08      0.20913655E-07
  371.500000000000        -0.10790718E-07      0.17565297E-07
  372.000000000000        -0.15114410E-07      0.12347293E-07
  372.500000000000        -0.16954551E-07      0.65178036E-08
  373.000000000000        -0.16650570E-07      0.12269200E-08
  373.500000000000        -0.15025157E-07     -0.28571897E-08
  374.000000000000        -0.12984695E-07     -0.56990293E-08
  374.500000000000        -0.11123985E-07     -0.77710255E-08
  375.000000000000        -0.95024520E-08     -0.97173976E-08
  375.500000000000        -0.76835848E-08     -0.11959438E-07
  376.000000000000        -0.50155542E-08     -0.14418588E-07
  376.500000000000        -0.10266410E-08     -0.16482268E-07
  377.000000000000         0.42414394E-08     -0.17232552E-07
  377.500000000000         0.10114515E-07     -0.15843793E-07
  378.000000000000         0.15443476E-07     -0.11980319E-07
  378.500000000000         0.18983086E-07     -0.60215396E-08
  379.000000000000         0.19841255E-07      0.98874288E-09
  379.500000000000         0.17814990E-07      0.76579849E-08
  380.000000000000         0.13473190E-07      0.12703818E-07
  380.500000000000         0.79495982E-08      0.15373549E-07
  381.000000000000         0.25285335E-08      0.15656483E-07
  381.500000000000        -0.18084670E-08      0.14206345E-07
  382.000000000000        -0.46913102E-08      0.12010990E-07
  382.500000000000        -0.64026948E-08      0.99511647E-08
  383.000000000000        -0.76421047E-08      0.84353930E-08
  383.500000000000        -0.91193528E-08      0.72647394E-08
  384.000000000000        -0.11156660E-07      0.57829887E-08
  384.500000000000        -0.13474874E-07      0.32456281E-08
  385.000000000000        -0.15261511E-07     -0.75363689E-09
  385.500000000000        -0.15498158E-07     -0.59871480E-08
  386.000000000000        -0.13412722E-07     -0.11564053E-07
  386.500000000000        -0.88653680E-08     -0.16192372E-07
  387.000000000000        -0.25002374E-08     -0.18634019E-07
  387.500000000000         0.44106507E-08     -0.18170646E-07
  388.000000000000         0.10378236E-07     -0.14889284E-07
  388.500000000000         0.14202408E-07     -0.96675145E-08
  389.000000000000         0.15371984E-07     -0.38595104E-08
  389.500000000000         0.14198803E-07      0.11932288E-08
  390.000000000000         0.11633866E-07      0.46302866E-08
  390.500000000000         0.88435547E-08      0.63320062E-08
  391.000000000000         0.67223805E-08      0.68686271E-08
  391.500000000000         0.55444168E-08      0.71657016E-08
  392.000000000000         0.48973491E-08      0.80305817E-08
  392.500000000000         0.39245972E-08      0.97428639E-08
  393.000000000000         0.17712551E-08      0.11885312E-07
  393.500000000000        -0.19573701E-08      0.13491316E-07
  394.000000000000        -0.69234058E-08      0.13451744E-07
  394.500000000000        -0.12093362E-07      0.11013416E-07
  395.000000000000        -0.16079419E-07      0.61596972E-08
  395.500000000000        -0.17652496E-07     -0.29104011E-09
  396.000000000000        -0.16220492E-07     -0.69192000E-08
  396.500000000000        -0.12075870E-07     -0.12183788E-07
  397.000000000000        -0.63085274E-08     -0.14959986E-07
  397.500000000000        -0.41530436E-09     -0.14920746E-07
  398.000000000000         0.42391060E-08     -0.12610882E-07
  398.500000000000         0.68947165E-08     -0.91867152E-08
  399.000000000000         0.76148159E-08     -0.59301421E-08
  399.500000000000         0.71676428E-08     -0.37371186E-08
  400.000000000000         0.66266399E-08     -0.27894039E-08
  400.500000000000         0.68599701E-08     -0.25413336E-08
  401.000000000000         0.81245091E-08     -0.20222041E-08
  401.500000000000         0.99350634E-08     -0.32371123E-09
  402.000000000000         0.11264498E-07      0.29350686E-08
  402.500000000000         0.10992305E-07      0.73636824E-08
  403.000000000000         0.84149637E-08      0.11884582E-07
  403.500000000000         0.36041908E-08      0.15117098E-07
  404.000000000000        -0.25397267E-08      0.15907967E-07
  404.500000000000        -0.85681026E-08      0.13793393E-07
  405.000000000000        -0.12989668E-07      0.92038451E-08
  405.500000000000        -0.14801625E-07      0.33265158E-08
  406.000000000000        -0.13834793E-07     -0.23211326E-08
  406.500000000000        -0.10777042E-07     -0.64366272E-08
  407.000000000000        -0.68697118E-08     -0.83794351E-08
  407.500000000000        -0.34037246E-08     -0.83440798E-08
  408.000000000000        -0.12216424E-08     -0.71967504E-08
  408.500000000000        -0.42671569E-09     -0.60502954E-08
  409.000000000000        -0.41253208E-09     -0.57582786E-08
  409.500000000000        -0.19363111E-09     -0.65395516E-08
  410.000000000000         0.11066282E-08     -0.78883804E-08
  410.500000000000         0.38185809E-08     -0.88052676E-08
  411.000000000000         0.75245852E-08     -0.82499722E-08
  411.500000000000         0.11179891E-07     -0.56259856E-08
  412.000000000000         0.13508621E-07     -0.10926660E-08
  412.500000000000         0.13513313E-07      0.44276476E-08
  413.000000000000         0.10889246E-07      0.95546255E-08
  413.500000000000         0.61736061E-08      0.12946032E-07
  414.000000000000         0.56785653E-09      0.13785947E-07
  414.500000000000        -0.44952974E-08      0.12070070E-07
  415.000000000000        -0.78661136E-08      0.85765769E-08
  415.500000000000        -0.90680481E-08      0.45392434E-08
  416.000000000000        -0.84119415E-08      0.11595724E-08
  416.500000000000        -0.67964431E-08     -0.84261988E-09
  417.000000000000        -0.52850922E-08     -0.14602518E-08
  417.500000000000        -0.46397023E-08     -0.13245581E-08
  418.000000000000        -0.50039311E-08     -0.13651628E-08
  418.500000000000        -0.58653105E-08     -0.23533238E-08
  419.000000000000        -0.63065466E-08     -0.45229852E-08
  419.500000000000        -0.54365102E-08     -0.74293624E-08
  420.000000000000        -0.28176039E-08     -0.10104332E-07
  420.500000000000         0.12910933E-08     -0.11443992E-07
  421.000000000000         0.59782630E-08     -0.10667638E-07
  421.500000000000         0.99965001E-08     -0.76583488E-08
  422.000000000000         0.12222546E-07     -0.30445921E-08
  422.500000000000         0.12075481E-07      0.20111458E-08
  423.000000000000         0.97250348E-08      0.62311431E-08
  423.500000000000         0.60088832E-08      0.86796753E-08
  424.000000000000         0.20966583E-08      0.90762829E-08
  424.500000000000        -0.95968036E-09      0.78438517E-08
  425.000000000000        -0.26060805E-08      0.58800800E-08
  425.500000000000        -0.29463275E-08      0.41536299E-08
  426.000000000000        -0.26241910E-08      0.32955844E-08
  426.500000000000        -0.24857397E-08      0.33548686E-08
  427.000000000000        -0.31693638E-08      0.38148881E-08
  427.500000000000        -0.47982120E-08      0.38582275E-08
  428.000000000000        -0.69041613E-08      0.27629756E-08
  428.500000000000        -0.86139448E-08      0.26070544E-09
  429.000000000000        -0.90180836E-08     -0.32961834E-08
  429.500000000000        -0.75674837E-08     -0.70293816E-08
  430.000000000000        -0.43318467E-08     -0.98539514E-08
  430.500000000000        -0.12049519E-10     -0.10891352E-07
  431.000000000000         0.42994342E-08     -0.98076965E-08
  431.500000000000         0.75127669E-08     -0.69406158E-08
  432.000000000000         0.89303054E-08     -0.31656673E-08
  432.500000000000         0.84762539E-08      0.44029702E-09
  433.000000000000         0.66787222E-08      0.30000841E-08
  433.500000000000         0.44187115E-08      0.41395177E-08
  434.000000000000         0.25548989E-08      0.40747616E-08
  434.500000000000         0.15809798E-08      0.34562650E-08
  435.000000000000         0.14549075E-08      0.30424322E-08
  435.500000000000         0.16650201E-08      0.33444442E-08
  436.000000000000         0.14983617E-08      0.43923180E-08
  436.500000000000         0.39302516E-09      0.57187646E-08
  437.000000000000        -0.17767730E-08      0.65648145E-08
  437.500000000000        -0.46040801E-08      0.62183676E-08
  438.000000000000        -0.72823269E-08      0.43421200E-08
  438.500000000000        -0.89134080E-08      0.11527556E-08
  439.000000000000        -0.88636585E-08     -0.26242158E-08
  439.500000000000        -0.70216013E-08     -0.60065681E-08
  440.000000000000        -0.38526501E-08     -0.81122100E-08
  440.500000000000        -0.22980986E-09     -0.84767630E-08
  441.000000000000         0.28892788E-08     -0.72056170E-08
  441.500000000000         0.48074706E-08     -0.49033733E-08
  442.000000000000         0.53176126E-08     -0.24148807E-08
  442.500000000000         0.47287454E-08     -0.48764490E-09
  443.000000000000         0.36863186E-08      0.50554595E-09
  443.500000000000         0.28679524E-08      0.67345131E-09
  444.000000000000         0.26850558E-08      0.50555663E-09
  444.500000000000         0.31145568E-08      0.61334440E-09
  445.000000000000         0.37277109E-08      0.14277490E-08
  445.500000000000         0.38991384E-08      0.29825725E-08
  446.000000000000         0.31040974E-08      0.48751513E-08
  446.500000000000         0.11764691E-08      0.64198654E-08
  447.000000000000        -0.15820388E-08      0.69292068E-08
  447.500000000000        -0.44878208E-08      0.60046387E-08
  448.000000000000        -0.67214443E-08      0.37165295E-08
  448.500000000000        -0.76332610E-08      0.59934315E-09
  449.000000000000        -0.69847743E-08     -0.25352549E-08
  449.500000000000        -0.50299496E-08     -0.48907029E-08
  450.000000000000        -0.24072291E-08     -0.59653523E-08
  450.500000000000         0.10995894E-09     -0.57096290E-08
  451.000000000000         0.19006860E-08     -0.45028255E-08
  451.500000000000         0.27064037E-08     -0.29663524E-08
  452.000000000000         0.26829911E-08     -0.16958863E-08
  452.500000000000         0.22818413E-08     -0.10248419E-08
  453.000000000000         0.20173343E-08     -0.91461972E-09
  453.500000000000         0.22228082E-08     -0.10113884E-08
  454.000000000000         0.28984718E-08     -0.83869103E-09
  454.500000000000         0.37131967E-08     -0.39380500E-10
  455.000000000000         0.41560009E-08      0.14380406E-08
  455.500000000000         0.37702680E-08      0.32880024E-08
  456.000000000000         0.23702089E-08      0.49526869E-08
  456.500000000000         0.14795708E-09      0.58387547E-08
  457.000000000000        -0.23736284E-08      0.55556974E-08
  457.500000000000        -0.45230569E-08      0.40777748E-08
  458.000000000000        -0.57227989E-08      0.17642963E-08
  458.500000000000        -0.56947036E-08     -0.76816095E-09
  459.000000000000        -0.45478264E-08     -0.28679798E-08
  459.500000000000        -0.27178423E-08     -0.40750315E-08
  460.000000000000        -0.78785110E-09     -0.42626677E-08
  460.500000000000         0.73313332E-09     -0.36437782E-08
  461.000000000000         0.15840494E-08     -0.26465107E-08
  461.500000000000         0.18116517E-08     -0.17177594E-08
  462.000000000000         0.16998296E-08     -0.11390390E-08
  462.500000000000         0.16063937E-08     -0.92995210E-09
  463.000000000000         0.17818601E-08     -0.87436393E-09
  463.500000000000         0.22488337E-08     -0.65134344E-09
  464.000000000000         0.27917532E-08     -0.94705784E-11
  464.500000000000         0.30581484E-08      0.10930743E-08
  465.000000000000         0.27251659E-08      0.24433991E-08
  465.500000000000         0.16585664E-08      0.36427809E-08
  466.000000000000        -0.40172920E-11      0.42601273E-08
  466.500000000000        -0.18809217E-08      0.40057689E-08
  467.000000000000        -0.34742285E-08      0.28539823E-08
  467.500000000000        -0.43456905E-08      0.10649506E-08
  468.000000000000        -0.42707331E-08     -0.90142715E-09
  468.500000000000        -0.33111941E-08     -0.25440721E-08
  469.000000000000        -0.17817003E-08     -0.34884117E-08
  469.500000000000        -0.12743653E-09     -0.35991348E-08
  470.000000000000         0.12351130E-08     -0.29987028E-08
  470.500000000000         0.20514044E-08     -0.19914940E-08
  471.000000000000         0.22873806E-08     -0.93058433E-09
  471.500000000000         0.20976940E-08     -0.84221654E-10
  472.000000000000         0.17253661E-08      0.44514970E-09
  472.500000000000         0.13807966E-08      0.72185581E-09
  473.000000000000         0.11529288E-08      0.90566594E-09
  473.500000000000         0.98813543E-09      0.11457203E-08
  474.000000000000         0.74115805E-09      0.14897582E-08
  474.500000000000         0.27095346E-09      0.18495202E-08
  475.000000000000        -0.46435830E-09      0.20369910E-08
  475.500000000000        -0.13578377E-08      0.18546319E-08
  476.000000000000        -0.21734058E-08      0.11992035E-08
  476.500000000000        -0.26287707E-08      0.13271185E-09
  477.000000000000        -0.25082984E-08     -0.11123338E-08
  477.500000000000        -0.17593303E-08     -0.21989804E-08
  478.000000000000        -0.53153980E-09     -0.27994791E-08
  478.500000000000         0.85864466E-09     -0.27131500E-08
  479.000000000000         0.20270591E-08     -0.19430232E-08
  479.500000000000         0.26480736E-08     -0.70165971E-09
  480.000000000000         0.25617593E-08      0.65632328E-09
  480.500000000000         0.18234630E-08      0.17499917E-08
  481.000000000000         0.67951128E-09      0.22938837E-08
  481.500000000000        -0.51968528E-09      0.21830444E-08
  482.000000000000        -0.14358820E-08      0.15137421E-08
  482.500000000000        -0.18469437E-08      0.53699851E-09
  483.000000000000        -0.17041551E-08     -0.43406274E-09
  483.500000000000        -0.11278951E-08     -0.11276717E-08
  484.000000000000        -0.34950198E-09     -0.13919299E-08
  484.500000000000         0.37519937E-09     -0.12251818E-08
  485.000000000000         0.84848224E-09     -0.75422297E-09
  485.500000000000         0.98270307E-09     -0.17453466E-09
  486.000000000000         0.80889972E-09      0.32226641E-09
  486.500000000000         0.44565773E-09      0.60783804E-09
  487.000000000000         0.44903888E-10      0.64568320E-09
  487.500000000000        -0.26336639E-09      0.48433814E-09
  488.000000000000        -0.40847013E-09      0.22365910E-09
  488.500000000000        -0.38890506E-09     -0.29298126E-10
  489.000000000000        -0.25657867E-09     -0.19741608E-09
  489.500000000000        -0.86213572E-10     -0.25192983E-09
  490.000000000000         0.55874826E-10     -0.20960466E-09
  490.500000000000         0.13215660E-09     -0.11465187E-09
  491.000000000000         0.13874079E-09     -0.15712160E-10
  491.500000000000         0.96904289E-10      0.52464770E-10
  492.000000000000         0.37928145E-10      0.77116152E-10
  492.500000000000        -0.11212325E-10      0.65227360E-10
  493.000000000000        -0.36431430E-10      0.34745988E-10
  493.500000000000        -0.37617823E-10      0.41015943E-11
  494.000000000000        -0.23829435E-10     -0.14949658E-10
  494.500000000000        -0.66036938E-11     -0.19659766E-10
  495.000000000000         0.56295335E-11     -0.14125921E-10
  495.500000000000         0.98907114E-11     -0.50817455E-11
  496.000000000000         0.78601718E-11      0.19998533E-11
  496.500000000000         0.33137941E-11      0.48442556E-11
  497.000000000000        -0.46130673E-12      0.41378689E-11
  497.500000000000        -0.20466730E-11      0.19667096E-11
  498.000000000000        -0.18006308E-11      0.16376257E-12
  498.500000000000        -0.87006219E-12     -0.55047522E-12
  499.000000000000        -0.17493815E-12     -0.44967550E-12
  499.500000000000         0.36015552E-13     -0.14362460E-12
  500.000000000000         0.19442169E-26     -0.17282586E-26
