 #KVL flux sum: itime, time, flux sum

    0    0.000000000000    0.000000000015   -0.000000000000
    1    0.500000000000    0.000000000040    0.000000000000
    2    1.000000000000    0.000000000082   -0.000000000000
    3    1.500000000000    0.000000000151    0.000000000000
    4    2.000000000000    0.000000000263    0.000000000000
    5    2.500000000000    0.000000000441    0.000000000000
    6    3.000000000000    0.000000000719    0.000000000000
    7    3.500000000000    0.000000001147    0.000000000000
    8    4.000000000000    0.000000001796    0.000000000000
    9    4.500000000000    0.000000002764   -0.000000000000
   10    5.000000000000    0.000000004185   -0.000000000000
   11    5.500000000000    0.000000006238    0.000000000000
   12    6.000000000000    0.000000009162    0.000000000000
   13    6.500000000000    0.000000013260   -0.000000000000
   14    7.000000000000    0.000000018927   -0.000000000000
   15    7.500000000000    0.000000026635   -0.000000000000
   16    8.000000000000    0.000000036981   -0.000000000000
   17    8.500000000000    0.000000050677    0.000000000000
   18    9.000000000000    0.000000068529    0.000000000000
   19    9.500000000000    0.000000091457    0.000000000000
   20   10.000000000000    0.000000120503    0.000000000000
   21   10.500000000000    0.000000156801    0.000000000000
   22   11.000000000000    0.000000201546    0.000000000000
   23   11.500000000000    0.000000255948   -0.000000000000
   24   12.000000000000    0.000000321152   -0.000000000000
   25   12.500000000000    0.000000398153   -0.000000000000
   26   13.000000000000    0.000000487690   -0.000000000000
   27   13.500000000000    0.000000590177   -0.000000000000
   28   14.000000000000    0.000000705662   -0.000000000000
   29   14.500000000000    0.000000833839    0.000000000000
   30   15.000000000000    0.000000974084    0.000000000000
   31   15.500000000000    0.000001125532    0.000000000000
   32   16.000000000000    0.000001287144    0.000000000000
   33   16.500000000000    0.000001457794    0.000000000000
   34   17.000000000000    0.000001636326    0.000000000000
   35   17.500000000000    0.000001821617    0.000000000000
   36   18.000000000000    0.000002012605    0.000000000000
   37   18.500000000000    0.000002208307    0.000000000000
   38   19.000000000000    0.000002407832    0.000000000000
   39   19.500000000000    0.000002610361    0.000000000000
   40   20.000000000000    0.000002815147    0.000000000000
   41   20.500000000000    0.000003021484    0.000000000000
   42   21.000000000000    0.000003228695    0.000000000000
   43   21.500000000000    0.000003436110    0.000000000000
   44   22.000000000000    0.000003643056    0.000000000000
   45   22.500000000000    0.000003848841    0.000000000000
   46   23.000000000000    0.000004052754    0.000000000000
   47   23.500000000000    0.000004254065    0.000000000000
   48   24.000000000000    0.000004452022    0.000000000000
   49   24.500000000000    0.000004645865    0.000000000000
   50   25.000000000000    0.000004834834    0.000000000000
   51   25.500000000000    0.000005018184    0.000000000000
   52   26.000000000000    0.000005195193    0.000000000000
   53   26.500000000000    0.000005365186    0.000000000000
   54   27.000000000000    0.000005527546    0.000000000000
   55   27.500000000000    0.000005681733    0.000000000000
   56   28.000000000000    0.000005827300    0.000000000000
   57   28.500000000000    0.000005963913    0.000000000000
   58   29.000000000000    0.000006091367    0.000000000000
   59   29.500000000000    0.000006209598    0.000000000000
   60   30.000000000000    0.000006318698    0.000000000000
   61   30.500000000000    0.000006418924    0.000000000000
   62   31.000000000000    0.000006510690    0.000000000000
   63   31.500000000000    0.000006594571    0.000000000000
   64   32.000000000000    0.000006671281    0.000000000000
   65   32.500000000000    0.000006741653    0.000000000000
   66   33.000000000000    0.000006806609    0.000000000000
   67   33.500000000000    0.000006867122    0.000000000000
   68   34.000000000000    0.000006924174    0.000000000000
   69   34.500000000000    0.000006978718    0.000000000000
   70   35.000000000000    0.000007031632    0.000000000000
   71   35.500000000000    0.000007083682    0.000000000000
   72   36.000000000000    0.000007135491    0.000000000000
   73   36.500000000000    0.000007187517    0.000000000000
   74   37.000000000000    0.000007240033    0.000000000000
   75   37.500000000000    0.000007293129    0.000000000000
   76   38.000000000000    0.000007346718    0.000000000000
   77   38.500000000000    0.000007400549    0.000000000000
   78   39.000000000000    0.000007454238    0.000000000000
   79   39.500000000000    0.000007507296    0.000000000000
   80   40.000000000000    0.000007559171    0.000000000000
   81   40.500000000000    0.000007609292    0.000000000000
   82   41.000000000000    0.000007657105    0.000000000000
   83   41.500000000000    0.000007702122    0.000000000000
   84   42.000000000000    0.000007743954    0.000000000000
   85   42.500000000000    0.000007782344    0.000000000000
   86   43.000000000000    0.000007817185    0.000000000000
   87   43.500000000000    0.000007848535    0.000000000000
   88   44.000000000000    0.000007876611    0.000000000000
   89   44.500000000000    0.000007901778    0.000000000000
   90   45.000000000000    0.000007924524    0.000000000000
   91   45.500000000000    0.000007945424    0.000000000000
   92   46.000000000000    0.000007965096    0.000000000000
   93   46.500000000000    0.000007984161    0.000000000000
   94   47.000000000000    0.000008003191    0.000000000000
   95   47.500000000000    0.000008022673    0.000000000000
   96   48.000000000000    0.000008042971    0.000000000000
   97   48.500000000000    0.000008064305    0.000000000000
   98   49.000000000000    0.000008086741    0.000000000000
   99   49.500000000000    0.000008110187    0.000000000000
  100   50.000000000000    0.000008134415    0.000000000000
  101   50.500000000000    0.000008159079    0.000000000000
  102   51.000000000000    0.000008183754    0.000000000000
  103   51.500000000000    0.000008207972    0.000000000000
  104   52.000000000000    0.000008231269    0.000000000000
  105   52.500000000000    0.000008253221    0.000000000000
  106   53.000000000000    0.000008273483    0.000000000000
  107   53.500000000000    0.000008291820    0.000000000000
  108   54.000000000000    0.000008308122    0.000000000000
  109   54.500000000000    0.000008322421    0.000000000000
  110   55.000000000000    0.000008334878    0.000000000000
  111   55.500000000000    0.000008345777    0.000000000000
  112   56.000000000000    0.000008355492    0.000000000000
  113   56.500000000000    0.000008364459    0.000000000000
  114   57.000000000000    0.000008373135    0.000000000000
  115   57.500000000000    0.000008381955    0.000000000000
  116   58.000000000000    0.000008391299    0.000000000000
  117   58.500000000000    0.000008401455    0.000000000000
  118   59.000000000000    0.000008412594    0.000000000000
  119   59.500000000000    0.000008424763    0.000000000000
  120   60.000000000000    0.000008437877    0.000000000000
  121   60.500000000000    0.000008451739    0.000000000000
  122   61.000000000000    0.000008466054    0.000000000000
  123   61.500000000000    0.000008480468    0.000000000000
  124   62.000000000000    0.000008494600    0.000000000000
  125   62.500000000000    0.000008508080    0.000000000000
  126   63.000000000000    0.000008520588    0.000000000000
  127   63.500000000000    0.000008531880    0.000000000000
  128   64.000000000000    0.000008541815    0.000000000000
  129   64.500000000000    0.000008550361    0.000000000000
  130   65.000000000000    0.000008557601    0.000000000000
  131   65.500000000000    0.000008563719    0.000000000000
  132   66.000000000000    0.000008568983    0.000000000000
  133   66.500000000000    0.000008573716    0.000000000000
  134   67.000000000000    0.000008578266    0.000000000000
  135   67.500000000000    0.000008582969    0.000000000000
  136   68.000000000000    0.000008588123    0.000000000000
  137   68.500000000000    0.000008593953    0.000000000000
  138   69.000000000000    0.000008600598    0.000000000000
  139   69.500000000000    0.000008608092    0.000000000000
  140   70.000000000000    0.000008616369    0.000000000000
  141   70.500000000000    0.000008625270    0.000000000000
  142   71.000000000000    0.000008634561    0.000000000000
  143   71.500000000000    0.000008643959    0.000000000000
  144   72.000000000000    0.000008653162    0.000000000000
  145   72.500000000000    0.000008661882    0.000000000000
  146   73.000000000000    0.000008669874    0.000000000000
  147   73.500000000000    0.000008676959    0.000000000000
  148   74.000000000000    0.000008683043    0.000000000000
  149   74.500000000000    0.000008688125    0.000000000000
  150   75.000000000000    0.000008692293    0.000000000000
  151   75.500000000000    0.000008695714    0.000000000000
  152   76.000000000000    0.000008698614    0.000000000000
  153   76.500000000000    0.000008701252    0.000000000000
  154   77.000000000000    0.000008703897    0.000000000000
  155   77.500000000000    0.000008706793    0.000000000000
  156   78.000000000000    0.000008710145    0.000000000000
  157   78.500000000000    0.000008714088    0.000000000000
  158   79.000000000000    0.000008718687    0.000000000000
  159   79.500000000000    0.000008723924    0.000000000000
  160   80.000000000000    0.000008729707    0.000000000000
  161   80.500000000000    0.000008735882    0.000000000000
  162   81.000000000000    0.000008742248    0.000000000000
  163   81.500000000000    0.000008748581    0.000000000000
  164   82.000000000000    0.000008754659    0.000000000000
  165   82.500000000000    0.000008760282    0.000000000000
  166   83.000000000000    0.000008765295    0.000000000000
  167   83.500000000000    0.000008769602    0.000000000000
  168   84.000000000000    0.000008773176    0.000000000000
  169   84.500000000000    0.000008776059    0.000000000000
  170   85.000000000000    0.000008778356    0.000000000000
  171   85.500000000000    0.000008780223    0.000000000000
  172   86.000000000000    0.000008781847    0.000000000000
  173   86.500000000000    0.000008783428    0.000000000000
  174   87.000000000000    0.000008785154    0.000000000000
  175   87.500000000000    0.000008787184    0.000000000000
  176   88.000000000000    0.000008789632    0.000000000000
  177   88.500000000000    0.000008792556    0.000000000000
  178   89.000000000000    0.000008795953    0.000000000000
  179   89.500000000000    0.000008799765    0.000000000000
  180   90.000000000000    0.000008803884    0.000000000000
  181   90.500000000000    0.000008808171    0.000000000000
  182   91.000000000000    0.000008812464    0.000000000000
  183   91.500000000000    0.000008816606    0.000000000000
  184   92.000000000000    0.000008820451    0.000000000000
  185   92.500000000000    0.000008823888    0.000000000000
  186   93.000000000000    0.000008826842    0.000000000000
  187   93.500000000000    0.000008829290    0.000000000000
  188   94.000000000000    0.000008831254    0.000000000000
  189   94.500000000000    0.000008832799    0.000000000000
  190   95.000000000000    0.000008834027    0.000000000000
  191   95.500000000000    0.000008835064    0.000000000000
  192   96.000000000000    0.000008836044    0.000000000000
  193   96.500000000000    0.000008837097    0.000000000000
  194   97.000000000000    0.000008838338    0.000000000000
  195   97.500000000000    0.000008839848    0.000000000000
  196   98.000000000000    0.000008841675    0.000000000000
  197   98.500000000000    0.000008843827    0.000000000000
  198   99.000000000000    0.000008846271    0.000000000000
  199   99.500000000000    0.000008848941    0.000000000000
  200  100.000000000000    0.000008851747    0.000000000000
  201  100.500000000000    0.000008854582    0.000000000000
  202  101.000000000000    0.000008857341    0.000000000000
  203  101.500000000000    0.000008859924    0.000000000000
  204  102.000000000000    0.000008862253    0.000000000000
  205  102.500000000000    0.000008864275    0.000000000000
  206  103.000000000000    0.000008865968    0.000000000000
  207  103.500000000000    0.000008867341    0.000000000000
  208  104.000000000000    0.000008868429    0.000000000000
  209  104.500000000000    0.000008869292    0.000000000000
  210  105.000000000000    0.000008870005    0.000000000000
  211  105.500000000000    0.000008870651    0.000000000000
  212  106.000000000000    0.000008871312    0.000000000000
  213  106.500000000000    0.000008872061    0.000000000000
  214  107.000000000000    0.000008872956    0.000000000000
  215  107.500000000000    0.000008874037    0.000000000000
  216  108.000000000000    0.000008875320    0.000000000000
  217  108.500000000000    0.000008876799    0.000000000000
  218  109.000000000000    0.000008878447    0.000000000000
  219  109.500000000000    0.000008880217    0.000000000000
  220  110.000000000000    0.000008882053    0.000000000000
  221  110.500000000000    0.000008883890    0.000000000000
  222  111.000000000000    0.000008885664    0.000000000000
  223  111.500000000000    0.000008887317    0.000000000000
  224  112.000000000000    0.000008888804    0.000000000000
  225  112.500000000000    0.000008890095    0.000000000000
  226  113.000000000000    0.000008891178    0.000000000000
  227  113.500000000000    0.000008892059    0.000000000000
  228  114.000000000000    0.000008892763    0.000000000000
  229  114.500000000000    0.000008893327    0.000000000000
  230  115.000000000000    0.000008893799    0.000000000000
  231  115.500000000000    0.000008894230    0.000000000000
  232  116.000000000000    0.000008894674    0.000000000000
  233  116.500000000000    0.000008895178    0.000000000000
  234  117.000000000000    0.000008895784    0.000000000000
  235  117.500000000000    0.000008896520    0.000000000000
  236  118.000000000000    0.000008897402    0.000000000000
  237  118.500000000000    0.000008898430    0.000000000000
  238  119.000000000000    0.000008899592    0.000000000000
  239  119.500000000000    0.000008900862    0.000000000000
  240  120.000000000000    0.000008902202    0.000000000000
  241  120.500000000000    0.000008903568    0.000000000000
  242  121.000000000000    0.000008904910    0.000000000000
  243  121.500000000000    0.000008906182    0.000000000000
  244  122.000000000000    0.000008907340    0.000000000000
  245  122.500000000000    0.000008908352    0.000000000000
  246  123.000000000000    0.000008909199    0.000000000000
  247  123.500000000000    0.000008909877    0.000000000000
  248  124.000000000000    0.000008910399    0.000000000000
  249  124.500000000000    0.000008910791    0.000000000000
  250  125.000000000000    0.000008911095    0.000000000000
  251  125.500000000000    0.000008911360    0.000000000000
  252  126.000000000000    0.000008911637    0.000000000000
  253  126.500000000000    0.000008911979    0.000000000000
  254  127.000000000000    0.000008912429    0.000000000000
  255  127.500000000000    0.000008913020    0.000000000000
  256  128.000000000000    0.000008913771    0.000000000000
  257  128.500000000000    0.000008914683    0.000000000000
  258  129.000000000000    0.000008915741    0.000000000000
  259  129.500000000000    0.000008916916    0.000000000000
  260  130.000000000000    0.000008918163    0.000000000000
  261  130.500000000000    0.000008919432    0.000000000000
  262  131.000000000000    0.000008920667    0.000000000000
  263  131.500000000000    0.000008921817    0.000000000000
  264  132.000000000000    0.000008922836    0.000000000000
  265  132.500000000000    0.000008923694    0.000000000000
  266  133.000000000000    0.000008924376    0.000000000000
  267  133.500000000000    0.000008924884    0.000000000000
  268  134.000000000000    0.000008925243    0.000000000000
  269  134.500000000000    0.000008925491    0.000000000000
  270  135.000000000000    0.000008925680    0.000000000000
  271  135.500000000000    0.000008925869    0.000000000000
  272  136.000000000000    0.000008926118    0.000000000000
  273  136.500000000000    0.000008926480    0.000000000000
  274  137.000000000000    0.000008926995    0.000000000000
  275  137.500000000000    0.000008927687    0.000000000000
  276  138.000000000000    0.000008928558    0.000000000000
  277  138.500000000000    0.000008929590    0.000000000000
  278  139.000000000000    0.000008930749    0.000000000000
  279  139.500000000000    0.000008931984    0.000000000000
  280  140.000000000000    0.000008933236    0.000000000000
  281  140.500000000000    0.000008934446    0.000000000000
  282  141.000000000000    0.000008935557    0.000000000000
  283  141.500000000000    0.000008936527    0.000000000000
  284  142.000000000000    0.000008937325    0.000000000000
  285  142.500000000000    0.000008937944    0.000000000000
  286  143.000000000000    0.000008938392    0.000000000000
  287  143.500000000000    0.000008938699    0.000000000000
  288  144.000000000000    0.000008938909    0.000000000000
  289  144.500000000000    0.000008939077    0.000000000000
  290  145.000000000000    0.000008939263    0.000000000000
  291  145.500000000000    0.000008939522    0.000000000000
  292  146.000000000000    0.000008939904    0.000000000000
  293  146.500000000000    0.000008940443    0.000000000000
  294  147.000000000000    0.000008941154    0.000000000000
  295  147.500000000000    0.000008942033    0.000000000000
  296  148.000000000000    0.000008943056    0.000000000000
  297  148.500000000000    0.000008944184    0.000000000000
  298  149.000000000000    0.000008945364    0.000000000000
  299  149.500000000000    0.000008946537    0.000000000000
  300  150.000000000000    0.000008947647    0.000000000000
  301  150.500000000000    0.000008948644    0.000000000000
  302  151.000000000000    0.000008949494    0.000000000000
  303  151.500000000000    0.000008950177    0.000000000000
  304  152.000000000000    0.000008950695    0.000000000000
  305  152.500000000000    0.000008951067    0.000000000000
  306  153.000000000000    0.000008951328    0.000000000000
  307  153.500000000000    0.000008951525    0.000000000000
  308  154.000000000000    0.000008951709    0.000000000000
  309  154.500000000000    0.000008951932    0.000000000000
  310  155.000000000000    0.000008952238    0.000000000000
  311  155.500000000000    0.000008952660    0.000000000000
  312  156.000000000000    0.000008953219    0.000000000000
  313  156.500000000000    0.000008953916    0.000000000000
  314  157.000000000000    0.000008954738    0.000000000000
  315  157.500000000000    0.000008955657    0.000000000000
  316  158.000000000000    0.000008956634    0.000000000000
  317  158.500000000000    0.000008957625    0.000000000000
  318  159.000000000000    0.000008958585    0.000000000000
  319  159.500000000000    0.000008959472    0.000000000000
  320  160.000000000000    0.000008960255    0.000000000000
  321  160.500000000000    0.000008960912    0.000000000000
  322  161.000000000000    0.000008961440    0.000000000000
  323  161.500000000000    0.000008961845    0.000000000000
  324  162.000000000000    0.000008962151    0.000000000000
  325  162.500000000000    0.000008962388    0.000000000000
  326  163.000000000000    0.000008962594    0.000000000000
  327  163.500000000000    0.000008962809    0.000000000000
  328  164.000000000000    0.000008963065    0.000000000000
  329  164.500000000000    0.000008963392    0.000000000000
  330  165.000000000000    0.000008963806    0.000000000000
  331  165.500000000000    0.000008964312    0.000000000000
  332  166.000000000000    0.000008964904    0.000000000000
  333  166.500000000000    0.000008965565    0.000000000000
  334  167.000000000000    0.000008966270    0.000000000000
  335  167.500000000000    0.000008966992    0.000000000000
  336  168.000000000000    0.000008967702    0.000000000000
  337  168.500000000000    0.000008968373    0.000000000000
  338  169.000000000000    0.000008968986    0.000000000000
  339  169.500000000000    0.000008969527    0.000000000000
  340  170.000000000000    0.000008969991    0.000000000000
  341  170.500000000000    0.000008970382    0.000000000000
  342  171.000000000000    0.000008970709    0.000000000000
  343  171.500000000000    0.000008970988    0.000000000000
  344  172.000000000000    0.000008971237    0.000000000000
  345  172.500000000000    0.000008971476    0.000000000000
  346  173.000000000000    0.000008971723    0.000000000000
  347  173.500000000000    0.000008971994    0.000000000000
  348  174.000000000000    0.000008972298    0.000000000000
  349  174.500000000000    0.000008972641    0.000000000000
  350  175.000000000000    0.000008973023    0.000000000000
  351  175.500000000000    0.000008973438    0.000000000000
  352  176.000000000000    0.000008973880    0.000000000000
  353  176.500000000000    0.000008974336    0.000000000000
  354  177.000000000000    0.000008974796    0.000000000000
  355  177.500000000000    0.000008975250    0.000000000000
  356  178.000000000000    0.000008975688    0.000000000000
  357  178.500000000000    0.000008976105    0.000000000000
  358  179.000000000000    0.000008976499    0.000000000000
  359  179.500000000000    0.000008976868    0.000000000000
  360  180.000000000000    0.000008977215    0.000000000000
  361  180.500000000000    0.000008977543    0.000000000000
  362  181.000000000000    0.000008977854    0.000000000000
  363  181.500000000000    0.000008978152    0.000000000000
  364  182.000000000000    0.000008978439    0.000000000000
  365  182.500000000000    0.000008978716    0.000000000000
  366  183.000000000000    0.000008978986    0.000000000000
  367  183.500000000000    0.000008979250    0.000000000000
  368  184.000000000000    0.000008979511    0.000000000000
  369  184.500000000000    0.000008979771    0.000000000000
  370  185.000000000000    0.000008980034    0.000000000000
  371  185.500000000000    0.000008980306    0.000000000000
  372  186.000000000000    0.000008980591    0.000000000000
  373  186.500000000000    0.000008980894    0.000000000000
  374  187.000000000000    0.000008981219    0.000000000000
  375  187.500000000000    0.000008981566    0.000000000000
  376  188.000000000000    0.000008981937    0.000000000000
  377  188.500000000000    0.000008982326    0.000000000000
  378  189.000000000000    0.000008982728    0.000000000000
  379  189.500000000000    0.000008983136    0.000000000000
  380  190.000000000000    0.000008983539    0.000000000000
  381  190.500000000000    0.000008983928    0.000000000000
  382  191.000000000000    0.000008984292    0.000000000000
  383  191.500000000000    0.000008984625    0.000000000000
  384  192.000000000000    0.000008984921    0.000000000000
  385  192.500000000000    0.000008985180    0.000000000000
  386  193.000000000000    0.000008985405    0.000000000000
  387  193.500000000000    0.000008985602    0.000000000000
  388  194.000000000000    0.000008985784    0.000000000000
  389  194.500000000000    0.000008985964    0.000000000000
  390  195.000000000000    0.000008986159    0.000000000000
  391  195.500000000000    0.000008986383    0.000000000000
  392  196.000000000000    0.000008986649    0.000000000000
  393  196.500000000000    0.000008986966    0.000000000000
  394  197.000000000000    0.000008987337    0.000000000000
  395  197.500000000000    0.000008987759    0.000000000000
  396  198.000000000000    0.000008988224    0.000000000000
  397  198.500000000000    0.000008988718    0.000000000000
  398  199.000000000000    0.000008989222    0.000000000000
  399  199.500000000000    0.000008989717    0.000000000000
  400  200.000000000000    0.000008990182    0.000000000000
  401  200.500000000000    0.000008990603    0.000000000000
  402  201.000000000000    0.000008990967    0.000000000000
  403  201.500000000000    0.000008991270    0.000000000000
  404  202.000000000000    0.000008991514    0.000000000000
  405  202.500000000000    0.000008991709    0.000000000000
  406  203.000000000000    0.000008991870    0.000000000000
  407  203.500000000000    0.000008992017    0.000000000000
  408  204.000000000000    0.000008992172    0.000000000000
  409  204.500000000000    0.000008992356    0.000000000000
  410  205.000000000000    0.000008992589    0.000000000000
  411  205.500000000000    0.000008992883    0.000000000000
  412  206.000000000000    0.000008993246    0.000000000000
  413  206.500000000000    0.000008993677    0.000000000000
  414  207.000000000000    0.000008994166    0.000000000000
  415  207.500000000000    0.000008994699    0.000000000000
  416  208.000000000000    0.000008995254    0.000000000000
  417  208.500000000000    0.000008995808    0.000000000000
  418  209.000000000000    0.000008996338    0.000000000000
  419  209.500000000000    0.000008996821    0.000000000000
  420  210.000000000000    0.000008997242    0.000000000000
  421  210.500000000000    0.000008997591    0.000000000000
  422  211.000000000000    0.000008997868    0.000000000000
  423  211.500000000000    0.000008998081    0.000000000000
  424  212.000000000000    0.000008998244    0.000000000000
  425  212.500000000000    0.000008998379    0.000000000000
  426  213.000000000000    0.000008998509    0.000000000000
  427  213.500000000000    0.000008998660    0.000000000000
  428  214.000000000000    0.000008998854    0.000000000000
  429  214.500000000000    0.000008999108    0.000000000000
  430  215.000000000000    0.000008999431    0.000000000000
  431  215.500000000000    0.000008999825    0.000000000000
  432  216.000000000000    0.000009000282    0.000000000000
  433  216.500000000000    0.000009000788    0.000000000000
  434  217.000000000000    0.000009001322    0.000000000000
  435  217.500000000000    0.000009001861    0.000000000000
  436  218.000000000000    0.000009002380    0.000000000000
  437  218.500000000000    0.000009002857    0.000000000000
  438  219.000000000000    0.000009003274    0.000000000000
  439  219.500000000000    0.000009003623    0.000000000000
  440  220.000000000000    0.000009003901    0.000000000000
  441  220.500000000000    0.000009004113    0.000000000000
  442  221.000000000000    0.000009004272    0.000000000000
  443  221.500000000000    0.000009004397    0.000000000000
  444  222.000000000000    0.000009004509    0.000000000000
  445  222.500000000000    0.000009004631    0.000000000000
  446  223.000000000000    0.000009004784    0.000000000000
  447  223.500000000000    0.000009004983    0.000000000000
  448  224.000000000000    0.000009005239    0.000000000000
  449  224.500000000000    0.000009005553    0.000000000000
  450  225.000000000000    0.000009005922    0.000000000000
  451  225.500000000000    0.000009006332    0.000000000000
  452  226.000000000000    0.000009006768    0.000000000000
  453  226.500000000000    0.000009007209    0.000000000000
  454  227.000000000000    0.000009007635    0.000000000000
  455  227.500000000000    0.000009008027    0.000000000000
  456  228.000000000000    0.000009008371    0.000000000000
  457  228.500000000000    0.000009008660    0.000000000000
  458  229.000000000000    0.000009008890    0.000000000000
  459  229.500000000000    0.000009009068    0.000000000000
  460  230.000000000000    0.000009009204    0.000000000000
  461  230.500000000000    0.000009009313    0.000000000000
  462  231.000000000000    0.000009009412    0.000000000000
  463  231.500000000000    0.000009009517    0.000000000000
  464  232.000000000000    0.000009009644    0.000000000000
  465  232.500000000000    0.000009009802    0.000000000000
  466  233.000000000000    0.000009009999    0.000000000000
  467  233.500000000000    0.000009010232    0.000000000000
  468  234.000000000000    0.000009010498    0.000000000000
  469  234.500000000000    0.000009010787    0.000000000000
  470  235.000000000000    0.000009011087    0.000000000000
  471  235.500000000000    0.000009011384    0.000000000000
  472  236.000000000000    0.000009011666    0.000000000000
  473  236.500000000000    0.000009011922    0.000000000000
  474  237.000000000000    0.000009012147    0.000000000000
  475  237.500000000000    0.000009012338    0.000000000000
  476  238.000000000000    0.000009012496    0.000000000000
  477  238.500000000000    0.000009012627    0.000000000000
  478  239.000000000000    0.000009012739    0.000000000000
  479  239.500000000000    0.000009012843    0.000000000000
  480  240.000000000000    0.000009012948    0.000000000000
  481  240.500000000000    0.000009013062    0.000000000000
  482  241.000000000000    0.000009013191    0.000000000000
  483  241.500000000000    0.000009013339    0.000000000000
  484  242.000000000000    0.000009013503    0.000000000000
  485  242.500000000000    0.000009013681    0.000000000000
  486  243.000000000000    0.000009013866    0.000000000000
  487  243.500000000000    0.000009014051    0.000000000000
  488  244.000000000000    0.000009014229    0.000000000000
  489  244.500000000000    0.000009014393    0.000000000000
  490  245.000000000000    0.000009014540    0.000000000000
  491  245.500000000000    0.000009014670    0.000000000000
  492  246.000000000000    0.000009014784    0.000000000000
  493  246.500000000000    0.000009014887    0.000000000000
  494  247.000000000000    0.000009014987    0.000000000000
  495  247.500000000000    0.000009015089    0.000000000000
  496  248.000000000000    0.000009015201    0.000000000000
  497  248.500000000000    0.000009015327    0.000000000000
  498  249.000000000000    0.000009015468    0.000000000000
  499  249.500000000000    0.000009015624    0.000000000000
  500  250.000000000000    0.000009015791    0.000000000000
  501  250.500000000000    0.000009015962    0.000000000000
  502  251.000000000000    0.000009016129    0.000000000000
  503  251.500000000000    0.000009016285    0.000000000000
  504  252.000000000000    0.000009016422    0.000000000000
  505  252.500000000000    0.000009016536    0.000000000000
  506  253.000000000000    0.000009016627    0.000000000000
  507  253.500000000000    0.000009016696    0.000000000000
  508  254.000000000000    0.000009016750    0.000000000000
  509  254.500000000000    0.000009016797    0.000000000000
  510  255.000000000000    0.000009016846    0.000000000000
  511  255.500000000000    0.000009016909    0.000000000000
  512  256.000000000000    0.000009016993    0.000000000000
  513  256.500000000000    0.000009017105    0.000000000000
  514  257.000000000000    0.000009017248    0.000000000000
  515  257.500000000000    0.000009017419    0.000000000000
  516  258.000000000000    0.000009017614    0.000000000000
  517  258.500000000000    0.000009017822    0.000000000000
  518  259.000000000000    0.000009018033    0.000000000000
  519  259.500000000000    0.000009018232    0.000000000000
  520  260.000000000000    0.000009018409    0.000000000000
  521  260.500000000000    0.000009018554    0.000000000000
  522  261.000000000000    0.000009018661    0.000000000000
  523  261.500000000000    0.000009018731    0.000000000000
  524  262.000000000000    0.000009018768    0.000000000000
  525  262.500000000000    0.000009018782    0.000000000000
  526  263.000000000000    0.000009018785    0.000000000000
  527  263.500000000000    0.000009018793    0.000000000000
  528  264.000000000000    0.000009018820    0.000000000000
  529  264.500000000000    0.000009018879    0.000000000000
  530  265.000000000000    0.000009018978    0.000000000000
  531  265.500000000000    0.000009019121    0.000000000000
  532  266.000000000000    0.000009019304    0.000000000000
  533  266.500000000000    0.000009019520    0.000000000000
  534  267.000000000000    0.000009019756    0.000000000000
  535  267.500000000000    0.000009019995    0.000000000000
  536  268.000000000000    0.000009020222    0.000000000000
  537  268.500000000000    0.000009020422    0.000000000000
  538  269.000000000000    0.000009020582    0.000000000000
  539  269.500000000000    0.000009020696    0.000000000000
  540  270.000000000000    0.000009020764    0.000000000000
  541  270.500000000000    0.000009020790    0.000000000000
  542  271.000000000000    0.000009020786    0.000000000000
  543  271.500000000000    0.000009020766    0.000000000000
  544  272.000000000000    0.000009020746    0.000000000000
  545  272.500000000000    0.000009020743    0.000000000000
  546  273.000000000000    0.000009020772    0.000000000000
  547  273.500000000000    0.000009020841    0.000000000000
  548  274.000000000000    0.000009020956    0.000000000000
  549  274.500000000000    0.000009021116    0.000000000000
  550  275.000000000000    0.000009021312    0.000000000000
  551  275.500000000000    0.000009021533    0.000000000000
  552  276.000000000000    0.000009021762    0.000000000000
  553  276.500000000000    0.000009021983    0.000000000000
  554  277.000000000000    0.000009022178    0.000000000000
  555  277.500000000000    0.000009022335    0.000000000000
  556  278.000000000000    0.000009022446    0.000000000000
  557  278.500000000000    0.000009022508    0.000000000000
  558  279.000000000000    0.000009022526    0.000000000000
  559  279.500000000000    0.000009022508    0.000000000000
  560  280.000000000000    0.000009022470    0.000000000000
  561  280.500000000000    0.000009022428    0.000000000000
  562  281.000000000000    0.000009022398    0.000000000000
  563  281.500000000000    0.000009022395    0.000000000000
  564  282.000000000000    0.000009022428    0.000000000000
  565  282.500000000000    0.000009022503    0.000000000000
  566  283.000000000000    0.000009022619    0.000000000000
  567  283.500000000000    0.000009022769    0.000000000000
  568  284.000000000000    0.000009022941    0.000000000000
  569  284.500000000000    0.000009023123    0.000000000000
  570  285.000000000000    0.000009023299    0.000000000000
  571  285.500000000000    0.000009023454    0.000000000000
  572  286.000000000000    0.000009023579    0.000000000000
  573  286.500000000000    0.000009023665    0.000000000000
  574  287.000000000000    0.000009023710    0.000000000000
  575  287.500000000000    0.000009023717    0.000000000000
  576  288.000000000000    0.000009023694    0.000000000000
  577  288.500000000000    0.000009023651    0.000000000000
  578  289.000000000000    0.000009023602    0.000000000000
  579  289.500000000000    0.000009023559    0.000000000000
  580  290.000000000000    0.000009023533    0.000000000000
  581  290.500000000000    0.000009023535    0.000000000000
  582  291.000000000000    0.000009023568    0.000000000000
  583  291.500000000000    0.000009023634    0.000000000000
  584  292.000000000000    0.000009023726    0.000000000000
  585  292.500000000000    0.000009023838    0.000000000000
  586  293.000000000000    0.000009023959    0.000000000000
  587  293.500000000000    0.000009024077    0.000000000000
  588  294.000000000000    0.000009024182    0.000000000000
  589  294.500000000000    0.000009024265    0.000000000000
  590  295.000000000000    0.000009024320    0.000000000000
  591  295.500000000000    0.000009024346    0.000000000000
  592  296.000000000000    0.000009024346    0.000000000000
  593  296.500000000000    0.000009024326    0.000000000000
  594  297.000000000000    0.000009024293    0.000000000000
  595  297.500000000000    0.000009024257    0.000000000000
  596  298.000000000000    0.000009024226    0.000000000000
  597  298.500000000000    0.000009024207    0.000000000000
  598  299.000000000000    0.000009024206    0.000000000000
  599  299.500000000000    0.000009024223    0.000000000000
  600  300.000000000000    0.000009024258    0.000000000000
  601  300.500000000000    0.000009024308    0.000000000000
  602  301.000000000000    0.000009024367    0.000000000000
  603  301.500000000000    0.000009024430    0.000000000000
  604  302.000000000000    0.000009024489    0.000000000000
  605  302.500000000000    0.000009024540    0.000000000000
  606  303.000000000000    0.000009024580    0.000000000000
  607  303.500000000000    0.000009024607    0.000000000000
  608  304.000000000000    0.000009024620    0.000000000000
  609  304.500000000000    0.000009024623    0.000000000000
  610  305.000000000000    0.000009024619    0.000000000000
  611  305.500000000000    0.000009024612    0.000000000000
  612  306.000000000000    0.000009024608    0.000000000000
  613  306.500000000000    0.000009024610    0.000000000000
  614  307.000000000000    0.000009024620    0.000000000000
  615  307.500000000000    0.000009024641    0.000000000000
  616  308.000000000000    0.000009024671    0.000000000000
  617  308.500000000000    0.000009024707    0.000000000000
  618  309.000000000000    0.000009024746    0.000000000000
  619  309.500000000000    0.000009024784    0.000000000000
  620  310.000000000000    0.000009024816    0.000000000000
  621  310.500000000000    0.000009024841    0.000000000000
  622  311.000000000000    0.000009024855    0.000000000000
  623  311.500000000000    0.000009024861    0.000000000000
  624  312.000000000000    0.000009024860    0.000000000000
  625  312.500000000000    0.000009024857    0.000000000000
  626  313.000000000000    0.000009024855    0.000000000000
  627  313.500000000000    0.000009024861    0.000000000000
  628  314.000000000000    0.000009024876    0.000000000000
  629  314.500000000000    0.000009024904    0.000000000000
  630  315.000000000000    0.000009024945    0.000000000000
  631  315.500000000000    0.000009024997    0.000000000000
  632  316.000000000000    0.000009025056    0.000000000000
  633  316.500000000000    0.000009025119    0.000000000000
  634  317.000000000000    0.000009025179    0.000000000000
  635  317.500000000000    0.000009025233    0.000000000000
  636  318.000000000000    0.000009025275    0.000000000000
  637  318.500000000000    0.000009025304    0.000000000000
  638  319.000000000000    0.000009025319    0.000000000000
  639  319.500000000000    0.000009025320    0.000000000000
  640  320.000000000000    0.000009025311    0.000000000000
  641  320.500000000000    0.000009025296    0.000000000000
  642  321.000000000000    0.000009025281    0.000000000000
  643  321.500000000000    0.000009025272    0.000000000000
  644  322.000000000000    0.000009025275    0.000000000000
  645  322.500000000000    0.000009025294    0.000000000000
  646  323.000000000000    0.000009025332    0.000000000000
  647  323.500000000000    0.000009025390    0.000000000000
  648  324.000000000000    0.000009025464    0.000000000000
  649  324.500000000000    0.000009025552    0.000000000000
  650  325.000000000000    0.000009025647    0.000000000000
  651  325.500000000000    0.000009025742    0.000000000000
  652  326.000000000000    0.000009025829    0.000000000000
  653  326.500000000000    0.000009025902    0.000000000000
  654  327.000000000000    0.000009025956    0.000000000000
  655  327.500000000000    0.000009025989    0.000000000000
  656  328.000000000000    0.000009026001    0.000000000000
  657  328.500000000000    0.000009025995    0.000000000000
  658  329.000000000000    0.000009025977    0.000000000000
  659  329.500000000000    0.000009025953    0.000000000000
  660  330.000000000000    0.000009025933    0.000000000000
  661  330.500000000000    0.000009025922    0.000000000000
  662  331.000000000000    0.000009025927    0.000000000000
  663  331.500000000000    0.000009025954    0.000000000000
  664  332.000000000000    0.000009026004    0.000000000000
  665  332.500000000000    0.000009026076    0.000000000000
  666  333.000000000000    0.000009026168    0.000000000000
  667  333.500000000000    0.000009026274    0.000000000000
  668  334.000000000000    0.000009026388    0.000000000000
  669  334.500000000000    0.000009026502    0.000000000000
  670  335.000000000000    0.000009026609    0.000000000000
  671  335.500000000000    0.000009026701    0.000000000000
  672  336.000000000000    0.000009026773    0.000000000000
  673  336.500000000000    0.000009026822    0.000000000000
  674  337.000000000000    0.000009026847    0.000000000000
  675  337.500000000000    0.000009026851    0.000000000000
  676  338.000000000000    0.000009026838    0.000000000000
  677  338.500000000000    0.000009026816    0.000000000000
  678  339.000000000000    0.000009026792    0.000000000000
  679  339.500000000000    0.000009026775    0.000000000000
  680  340.000000000000    0.000009026773    0.000000000000
  681  340.500000000000    0.000009026794    0.000000000000
  682  341.000000000000    0.000009026840    0.000000000000
  683  341.500000000000    0.000009026912    0.000000000000
  684  342.000000000000    0.000009027010    0.000000000000
  685  342.500000000000    0.000009027126    0.000000000000
  686  343.000000000000    0.000009027256    0.000000000000
  687  343.500000000000    0.000009027389    0.000000000000
  688  344.000000000000    0.000009027516    0.000000000000
  689  344.500000000000    0.000009027629    0.000000000000
  690  345.000000000000    0.000009027721    0.000000000000
  691  345.500000000000    0.000009027788    0.000000000000
  692  346.000000000000    0.000009027827    0.000000000000
  693  346.500000000000    0.000009027840    0.000000000000
  694  347.000000000000    0.000009027832    0.000000000000
  695  347.500000000000    0.000009027810    0.000000000000
  696  348.000000000000    0.000009027782    0.000000000000
  697  348.500000000000    0.000009027758    0.000000000000
  698  349.000000000000    0.000009027748    0.000000000000
  699  349.500000000000    0.000009027760    0.000000000000
  700  350.000000000000    0.000009027800    0.000000000000
  701  350.500000000000    0.000009027870    0.000000000000
  702  351.000000000000    0.000009027968    0.000000000000
  703  351.500000000000    0.000009028092    0.000000000000
  704  352.000000000000    0.000009028233    0.000000000000
  705  352.500000000000    0.000009028381    0.000000000000
  706  353.000000000000    0.000009028526    0.000000000000
  707  353.500000000000    0.000009028657    0.000000000000
  708  354.000000000000    0.000009028765    0.000000000000
  709  354.500000000000    0.000009028844    0.000000000000
  710  355.000000000000    0.000009028890    0.000000000000
  711  355.500000000000    0.000009028907    0.000000000000
  712  356.000000000000    0.000009028898    0.000000000000
  713  356.500000000000    0.000009028872    0.000000000000
  714  357.000000000000    0.000009028840    0.000000000000
  715  357.500000000000    0.000009028812    0.000000000000
  716  358.000000000000    0.000009028801    0.000000000000
  717  358.500000000000    0.000009028815    0.000000000000
  718  359.000000000000    0.000009028859    0.000000000000
  719  359.500000000000    0.000009028936    0.000000000000
  720  360.000000000000    0.000009029043    0.000000000000
  721  360.500000000000    0.000009029175    0.000000000000
  722  361.000000000000    0.000009029323    0.000000000000
  723  361.500000000000    0.000009029475    0.000000000000
  724  362.000000000000    0.000009029620    0.000000000000
  725  362.500000000000    0.000009029747    0.000000000000
  726  363.000000000000    0.000009029848    0.000000000000
  727  363.500000000000    0.000009029918    0.000000000000
  728  364.000000000000    0.000009029955    0.000000000000
  729  364.500000000000    0.000009029963    0.000000000000
  730  365.000000000000    0.000009029949    0.000000000000
  731  365.500000000000    0.000009029923    0.000000000000
  732  366.000000000000    0.000009029895    0.000000000000
  733  366.500000000000    0.000009029878    0.000000000000
  734  367.000000000000    0.000009029881    0.000000000000
  735  367.500000000000    0.000009029911    0.000000000000
  736  368.000000000000    0.000009029973    0.000000000000
  737  368.500000000000    0.000009030065    0.000000000000
  738  369.000000000000    0.000009030183    0.000000000000
  739  369.500000000000    0.000009030318    0.000000000000
  740  370.000000000000    0.000009030461    0.000000000000
  741  370.500000000000    0.000009030599    0.000000000000
  742  371.000000000000    0.000009030723    0.000000000000
  743  371.500000000000    0.000009030823    0.000000000000
  744  372.000000000000    0.000009030894    0.000000000000
  745  372.500000000000    0.000009030936    0.000000000000
  746  373.000000000000    0.000009030951    0.000000000000
  747  373.500000000000    0.000009030946    0.000000000000
  748  374.000000000000    0.000009030930    0.000000000000
  749  374.500000000000    0.000009030913    0.000000000000
  750  375.000000000000    0.000009030907    0.000000000000
  751  375.500000000000    0.000009030920    0.000000000000
  752  376.000000000000    0.000009030958    0.000000000000
  753  376.500000000000    0.000009031023    0.000000000000
  754  377.000000000000    0.000009031114    0.000000000000
  755  377.500000000000    0.000009031225    0.000000000000
  756  378.000000000000    0.000009031348    0.000000000000
  757  378.500000000000    0.000009031474    0.000000000000
  758  379.000000000000    0.000009031592    0.000000000000
  759  379.500000000000    0.000009031694    0.000000000000
  760  380.000000000000    0.000009031774    0.000000000000
  761  380.500000000000    0.000009031828    0.000000000000
  762  381.000000000000    0.000009031857    0.000000000000
  763  381.500000000000    0.000009031865    0.000000000000
  764  382.000000000000    0.000009031861    0.000000000000
  765  382.500000000000    0.000009031852    0.000000000000
  766  383.000000000000    0.000009031850    0.000000000000
  767  383.500000000000    0.000009031863    0.000000000000
  768  384.000000000000    0.000009031897    0.000000000000
  769  384.500000000000    0.000009031957    0.000000000000
  770  385.000000000000    0.000009032041    0.000000000000
  771  385.500000000000    0.000009032147    0.000000000000
  772  386.000000000000    0.000009032267    0.000000000000
  773  386.500000000000    0.000009032392    0.000000000000
  774  387.000000000000    0.000009032511    0.000000000000
  775  387.500000000000    0.000009032615    0.000000000000
  776  388.000000000000    0.000009032698    0.000000000000
  777  388.500000000000    0.000009032754    0.000000000000
  778  389.000000000000    0.000009032783    0.000000000000
  779  389.500000000000    0.000009032790    0.000000000000
  780  390.000000000000    0.000009032781    0.000000000000
  781  390.500000000000    0.000009032768    0.000000000000
  782  391.000000000000    0.000009032759    0.000000000000
  783  391.500000000000    0.000009032767    0.000000000000
  784  392.000000000000    0.000009032799    0.000000000000
  785  392.500000000000    0.000009032860    0.000000000000
  786  393.000000000000    0.000009032950    0.000000000000
  787  393.500000000000    0.000009033065    0.000000000000
  788  394.000000000000    0.000009033200    0.000000000000
  789  394.500000000000    0.000009033342    0.000000000000
  790  395.000000000000    0.000009033482    0.000000000000
  791  395.500000000000    0.000009033607    0.000000000000
  792  396.000000000000    0.000009033708    0.000000000000
  793  396.500000000000    0.000009033780    0.000000000000
  794  397.000000000000    0.000009033820    0.000000000000
  795  397.500000000000    0.000009033832    0.000000000000
  796  398.000000000000    0.000009033821    0.000000000000
  797  398.500000000000    0.000009033798    0.000000000000
  798  399.000000000000    0.000009033775    0.000000000000
  799  399.500000000000    0.000009033763    0.000000000000
  800  400.000000000000    0.000009033775    0.000000000000
  801  400.500000000000    0.000009033818    0.000000000000
  802  401.000000000000    0.000009033896    0.000000000000
  803  401.500000000000    0.000009034008    0.000000000000
  804  402.000000000000    0.000009034150    0.000000000000
  805  402.500000000000    0.000009034311    0.000000000000
  806  403.000000000000    0.000009034479    0.000000000000
  807  403.500000000000    0.000009034641    0.000000000000
  808  404.000000000000    0.000009034784    0.000000000000
  809  404.500000000000    0.000009034897    0.000000000000
  810  405.000000000000    0.000009034974    0.000000000000
  811  405.500000000000    0.000009035014    0.000000000000
  812  406.000000000000    0.000009035021    0.000000000000
  813  406.500000000000    0.000009035002    0.000000000000
  814  407.000000000000    0.000009034971    0.000000000000
  815  407.500000000000    0.000009034942    0.000000000000
  816  408.000000000000    0.000009034929    0.000000000000
  817  408.500000000000    0.000009034942    0.000000000000
  818  409.000000000000    0.000009034992    0.000000000000
  819  409.500000000000    0.000009035081    0.000000000000
  820  410.000000000000    0.000009035207    0.000000000000
  821  410.500000000000    0.000009035365    0.000000000000
  822  411.000000000000    0.000009035542    0.000000000000
  823  411.500000000000    0.000009035726    0.000000000000
  824  412.000000000000    0.000009035902    0.000000000000
  825  412.500000000000    0.000009036058    0.000000000000
  826  413.000000000000    0.000009036182    0.000000000000
  827  413.500000000000    0.000009036269    0.000000000000
  828  414.000000000000    0.000009036318    0.000000000000
  829  414.500000000000    0.000009036332    0.000000000000
  830  415.000000000000    0.000009036321    0.000000000000
  831  415.500000000000    0.000009036296    0.000000000000
  832  416.000000000000    0.000009036270    0.000000000000
  833  416.500000000000    0.000009036259    0.000000000000
  834  417.000000000000    0.000009036274    0.000000000000
  835  417.500000000000    0.000009036324    0.000000000000
  836  418.000000000000    0.000009036412    0.000000000000
  837  418.500000000000    0.000009036539    0.000000000000
  838  419.000000000000    0.000009036697    0.000000000000
  839  419.500000000000    0.000009036876    0.000000000000
  840  420.000000000000    0.000009037063    0.000000000000
  841  420.500000000000    0.000009037244    0.000000000000
  842  421.000000000000    0.000009037405    0.000000000000
  843  421.500000000000    0.000009037537    0.000000000000
  844  422.000000000000    0.000009037632    0.000000000000
  845  422.500000000000    0.000009037691    0.000000000000
  846  423.000000000000    0.000009037717    0.000000000000
  847  423.500000000000    0.000009037718    0.000000000000
  848  424.000000000000    0.000009037706    0.000000000000
  849  424.500000000000    0.000009037694    0.000000000000
  850  425.000000000000    0.000009037694    0.000000000000
  851  425.500000000000    0.000009037718    0.000000000000
  852  426.000000000000    0.000009037774    0.000000000000
  853  426.500000000000    0.000009037864    0.000000000000
  854  427.000000000000    0.000009037987    0.000000000000
  855  427.500000000000    0.000009038138    0.000000000000
  856  428.000000000000    0.000009038306    0.000000000000
  857  428.500000000000    0.000009038482    0.000000000000
  858  429.000000000000    0.000009038652    0.000000000000
  859  429.500000000000    0.000009038805    0.000000000000
  860  430.000000000000    0.000009038934    0.000000000000
  861  430.500000000000    0.000009039032    0.000000000000
  862  431.000000000000    0.000009039098    0.000000000000
  863  431.500000000000    0.000009039136    0.000000000000
  864  432.000000000000    0.000009039153    0.000000000000
  865  432.500000000000    0.000009039158    0.000000000000
  866  433.000000000000    0.000009039163    0.000000000000
  867  433.500000000000    0.000009039179    0.000000000000
  868  434.000000000000    0.000009039215    0.000000000000
  869  434.500000000000    0.000009039279    0.000000000000
  870  435.000000000000    0.000009039372    0.000000000000
  871  435.500000000000    0.000009039494    0.000000000000
  872  436.000000000000    0.000009039639    0.000000000000
  873  436.500000000000    0.000009039799    0.000000000000
  874  437.000000000000    0.000009039964    0.000000000000
  875  437.500000000000    0.000009040122    0.000000000000
  876  438.000000000000    0.000009040265    0.000000000000
  877  438.500000000000    0.000009040386    0.000000000000
  878  439.000000000000    0.000009040480    0.000000000000
  879  439.500000000000    0.000009040548    0.000000000000
  880  440.000000000000    0.000009040592    0.000000000000
  881  440.500000000000    0.000009040621    0.000000000000
  882  441.000000000000    0.000009040643    0.000000000000
  883  441.500000000000    0.000009040667    0.000000000000
  884  442.000000000000    0.000009040703    0.000000000000
  885  442.500000000000    0.000009040757    0.000000000000
  886  443.000000000000    0.000009040836    0.000000000000
  887  443.500000000000    0.000009040939    0.000000000000
  888  444.000000000000    0.000009041066    0.000000000000
  889  444.500000000000    0.000009041210    0.000000000000
  890  445.000000000000    0.000009041365    0.000000000000
  891  445.500000000000    0.000009041522    0.000000000000
  892  446.000000000000    0.000009041672    0.000000000000
  893  446.500000000000    0.000009041807    0.000000000000
  894  447.000000000000    0.000009041922    0.000000000000
  895  447.500000000000    0.000009042014    0.000000000000
  896  448.000000000000    0.000009042083    0.000000000000
  897  448.500000000000    0.000009042133    0.000000000000
  898  449.000000000000    0.000009042170    0.000000000000
  899  449.500000000000    0.000009042203    0.000000000000
  900  450.000000000000    0.000009042241    0.000000000000
  901  450.500000000000    0.000009042291    0.000000000000
  902  451.000000000000    0.000009042360    0.000000000000
  903  451.500000000000    0.000009042452    0.000000000000
  904  452.000000000000    0.000009042568    0.000000000000
  905  452.500000000000    0.000009042705    0.000000000000
  906  453.000000000000    0.000009042857    0.000000000000
  907  453.500000000000    0.000009043017    0.000000000000
  908  454.000000000000    0.000009043177    0.000000000000
  909  454.500000000000    0.000009043328    0.000000000000
  910  455.000000000000    0.000009043463    0.000000000000
  911  455.500000000000    0.000009043577    0.000000000000
  912  456.000000000000    0.000009043668    0.000000000000
  913  456.500000000000    0.000009043739    0.000000000000
  914  457.000000000000    0.000009043792    0.000000000000
  915  457.500000000000    0.000009043836    0.000000000000
  916  458.000000000000    0.000009043876    0.000000000000
  917  458.500000000000    0.000009043923    0.000000000000
  918  459.000000000000    0.000009043983    0.000000000000
  919  459.500000000000    0.000009044063    0.000000000000
  920  460.000000000000    0.000009044165    0.000000000000
  921  460.500000000000    0.000009044290    0.000000000000
  922  461.000000000000    0.000009044434    0.000000000000
  923  461.500000000000    0.000009044594    0.000000000000
  924  462.000000000000    0.000009044760    0.000000000000
  925  462.500000000000    0.000009044926    0.000000000000
  926  463.000000000000    0.000009045083    0.000000000000
  927  463.500000000000    0.000009045224    0.000000000000
  928  464.000000000000    0.000009045344    0.000000000000
  929  464.500000000000    0.000009045441    0.000000000000
  930  465.000000000000    0.000009045516    0.000000000000
  931  465.500000000000    0.000009045574    0.000000000000
  932  466.000000000000    0.000009045621    0.000000000000
  933  466.500000000000    0.000009045664    0.000000000000
  934  467.000000000000    0.000009045713    0.000000000000
  935  467.500000000000    0.000009045775    0.000000000000
  936  468.000000000000    0.000009045856    0.000000000000
  937  468.500000000000    0.000009045960    0.000000000000
  938  469.000000000000    0.000009046087    0.000000000000
  939  469.500000000000    0.000009046236    0.000000000000
  940  470.000000000000    0.000009046399    0.000000000000
  941  470.500000000000    0.000009046571    0.000000000000
  942  471.000000000000    0.000009046742    0.000000000000
  943  471.500000000000    0.000009046905    0.000000000000
  944  472.000000000000    0.000009047051    0.000000000000
  945  472.500000000000    0.000009047177    0.000000000000
  946  473.000000000000    0.000009047280    0.000000000000
  947  473.500000000000    0.000009047361    0.000000000000
  948  474.000000000000    0.000009047423    0.000000000000
  949  474.500000000000    0.000009047473    0.000000000000
  950  475.000000000000    0.000009047518    0.000000000000
  951  475.500000000000    0.000009047567    0.000000000000
  952  476.000000000000    0.000009047628    0.000000000000
  953  476.500000000000    0.000009047706    0.000000000000
  954  477.000000000000    0.000009047806    0.000000000000
  955  477.500000000000    0.000009047928    0.000000000000
  956  478.000000000000    0.000009048072    0.000000000000
  957  478.500000000000    0.000009048231    0.000000000000
  958  479.000000000000    0.000009048399    0.000000000000
  959  479.500000000000    0.000009048569    0.000000000000
  960  480.000000000000    0.000009048732    0.000000000000
  961  480.500000000000    0.000009048881    0.000000000000
  962  481.000000000000    0.000009049010    0.000000000000
  963  481.500000000000    0.000009049117    0.000000000000
  964  482.000000000000    0.000009049202    0.000000000000
  965  482.500000000000    0.000009049267    0.000000000000
  966  483.000000000000    0.000009049320    0.000000000000
  967  483.500000000000    0.000009049366    0.000000000000
  968  484.000000000000    0.000009049413    0.000000000000
  969  484.500000000000    0.000009049471    0.000000000000
  970  485.000000000000    0.000009049544    0.000000000000
  971  485.500000000000    0.000009049637    0.000000000000
  972  486.000000000000    0.000009049752    0.000000000000
  973  486.500000000000    0.000009049887    0.000000000000
  974  487.000000000000    0.000009050037    0.000000000000
  975  487.500000000000    0.000009050197    0.000000000000
  976  488.000000000000    0.000009050358    0.000000000000
  977  488.500000000000    0.000009050514    0.000000000000
  978  489.000000000000    0.000009050657    0.000000000000
  979  489.500000000000    0.000009050783    0.000000000000
  980  490.000000000000    0.000009050888    0.000000000000
  981  490.500000000000    0.000009050973    0.000000000000
  982  491.000000000000    0.000009051040    0.000000000000
  983  491.500000000000    0.000009051094    0.000000000000
  984  492.000000000000    0.000009051142    0.000000000000
  985  492.500000000000    0.000009051190    0.000000000000
  986  493.000000000000    0.000009051247    0.000000000000
  987  493.500000000000    0.000009051317    0.000000000000
  988  494.000000000000    0.000009051405    0.000000000000
  989  494.500000000000    0.000009051512    0.000000000000
  990  495.000000000000    0.000009051636    0.000000000000
  991  495.500000000000    0.000009051775    0.000000000000
  992  496.000000000000    0.000009051923    0.000000000000
  993  496.500000000000    0.000009052072    0.000000000000
  994  497.000000000000    0.000009052216    0.000000000000
  995  497.500000000000    0.000009052350    0.000000000000
  996  498.000000000000    0.000009052467    0.000000000000
  997  498.500000000000    0.000009052566    0.000000000000
  998  499.000000000000    0.000009052646    0.000000000000
  999  499.500000000000    0.000009052710    0.000000000000
 1000  500.000000000000    0.000009052764    0.000000000000
