 
 # Omega; pulse ft; flux at t= ... 
     #                                     500.00000                           375.00000                           250.00000                           125.00000
 
  0.0100      0.130962E-11      0.131006E+04      0.646779E-09      0.171567E-08      0.847033E-21
  0.0140      0.530375E-11      0.326135E+03      0.159705E-09      0.172974E-08      0.847033E-21
  0.0180      0.129031E-10      0.131861E+03      0.000000E+00      0.170142E-08      0.000000E+00
  0.0220      0.250041E-10      0.657682E+02      0.000000E+00      0.164448E-08      0.000000E+00
  0.0260      0.424378E-10      0.371932E+02      0.199594E-10      0.157840E-08      0.847033E-21
  0.0300      0.659469E-10      0.229092E+02      0.128442E-10      0.151079E-08      0.847033E-21
  0.0339      0.961693E-10      0.150992E+02      0.880772E-11      0.145208E-08      0.847033E-21
  0.0379      0.133624E-09      0.105318E+02      0.000000E+00      0.140729E-08      0.000000E+00
  0.0419      0.178696E-09      0.762838E+01      0.000000E+00      0.136316E-08      0.000000E+00
  0.0459      0.231631E-09      0.570051E+01      0.000000E+00      0.132042E-08      0.000000E+00
  0.0499      0.292520E-09      0.441570E+01      0.000000E+00      0.129168E-08      0.000000E+00
  0.0539      0.361294E-09      0.350715E+01      0.234444E-11      0.126711E-08      0.847033E-21
  0.0579      0.437719E-09      0.282959E+01      0.193511E-11      0.123857E-08      0.847033E-21
  0.0619      0.521391E-09      0.233254E+01      0.000000E+00      0.121617E-08      0.000000E+00
  0.0659      0.611733E-09      0.195627E+01      0.000000E+00      0.119671E-08      0.000000E+00
  0.0699      0.708000E-09      0.166348E+01      0.000000E+00      0.117774E-08      0.000000E+00
  0.0738      0.809275E-09      0.144975E+01      0.000000E+00      0.117325E-08      0.000000E+00
  0.0778      0.914481E-09      0.128277E+01      0.926244E-12      0.117307E-08      0.847033E-21
  0.0818      0.102238E-08      0.113334E+01      0.828488E-12      0.115871E-08      0.847033E-21
  0.0858      0.113161E-08      0.101707E+01      0.000000E+00      0.115093E-08      0.000000E+00
  0.0898      0.124064E-08      0.939532E+00      0.000000E+00      0.116562E-08      0.000000E+00
  0.0938      0.134785E-08      0.875336E+00      0.000000E+00      0.117982E-08      0.000000E+00
  0.0978      0.145153E-08      0.812858E+00      0.583546E-12      0.117989E-08      0.847033E-21
  0.1018      0.154987E-08      0.756085E+00      0.546519E-12      0.117183E-08      0.847033E-21
  0.1058      0.164103E-08      0.706511E+00      0.000000E+00      0.115941E-08      0.000000E+00
  0.1098      0.172315E-08      0.669021E+00      0.000000E+00      0.115282E-08      0.000000E+00
  0.1137      0.179436E-08      0.642664E+00      0.000000E+00      0.115317E-08      0.000000E+00
  0.1177      0.185286E-08      0.617958E+00      0.000000E+00      0.114499E-08      0.000000E+00
  0.1217      0.189692E-08      0.598800E+00      0.000000E+00      0.113588E-08      0.000000E+00
  0.1257      0.192494E-08      0.592328E+00      0.000000E+00      0.114019E-08      0.000000E+00
  0.1297      0.193547E-08      0.589960E+00      0.000000E+00      0.114185E-08      0.000000E+00
  0.1337      0.192730E-08      0.589665E+00      0.000000E+00      0.113646E-08      0.000000E+00
  0.1377      0.189949E-08      0.600551E+00      0.000000E+00      0.114074E-08      0.000000E+00
  0.1417      0.185139E-08      0.618755E+00      0.000000E+00      0.114556E-08      0.000000E+00
  0.1457      0.178276E-08      0.641379E+00      0.000000E+00      0.114343E-08      0.000000E+00
  0.1497      0.169379E-08      0.679833E+00      0.500080E-12      0.115150E-08      0.847033E-21
  0.1536      0.158517E-08      0.733890E+00      0.534347E-12      0.116334E-08      0.847033E-21
  0.1576      0.145817E-08      0.799484E+00      0.000000E+00      0.116578E-08      0.000000E+00
  0.1616      0.131468E-08      0.894145E+00      0.000000E+00      0.117551E-08      0.000000E+00
  0.1656      0.115732E-08      0.102979E+01      0.731891E-12      0.119180E-08      0.847033E-21
  0.1696      0.989511E-09      0.121087E+01      0.856012E-12      0.119817E-08      0.847033E-21
  0.1736      0.815519E-09      0.148328E+01      0.000000E+00      0.120965E-08      0.000000E+00
  0.1776      0.640573E-09      0.192164E+01      0.132231E-11      0.123095E-08      0.847033E-21
  0.1816      0.470930E-09      0.263821E+01      0.179864E-11      0.124241E-08      0.847033E-21
  0.1856      0.313970E-09      0.399818E+01      0.269781E-11      0.125531E-08      0.847033E-21
  0.1896      0.178281E-09      0.718132E+01      0.000000E+00      0.128029E-08      0.000000E+00
  0.1935      0.737502E-10      0.175791E+02      0.000000E+00      0.129646E-08      0.000000E+00
  0.1975      0.116570E-10      0.112396E+03      0.000000E+00      0.131019E-08      0.000000E+00
  0.2015      0.476852E-11      0.280574E+03      0.000000E+00      0.133792E-08      0.000000E+00
  0.2055      0.674356E-10      0.201569E+02      0.125606E-10      0.135929E-08      0.847033E-21
  0.2095      0.215691E-09      0.637232E+01      0.392707E-11      0.137445E-08      0.847033E-21
  0.2135      0.467347E-09      0.300545E+01      0.000000E+00      0.140459E-08      0.000000E+00
  0.2175      0.842101E-09      0.170025E+01      0.100586E-11      0.143178E-08      0.847033E-21
  0.2215      0.136163E-08      0.106421E+01      0.000000E+00      0.144906E-08      0.000000E+00
  0.2255      0.204970E-08      0.722597E+00      0.000000E+00      0.148111E-08      0.000000E+00
  0.2295      0.293226E-08      0.516468E+00      0.000000E+00      0.151442E-08      0.000000E+00
  0.2334      0.403756E-08      0.380049E+00      0.000000E+00      0.153447E-08      0.000000E+00
  0.2374      0.539623E-08      0.290486E+00      0.000000E+00      0.156753E-08      0.000000E+00
  0.2414      0.704141E-08      0.228185E+00      0.120293E-12      0.160674E-08      0.847033E-21
  0.2454      0.900884E-08      0.181005E+00      0.940224E-13      0.163065E-08      0.847033E-21
  0.2494      0.113370E-07      0.146848E+00      0.000000E+00      0.166481E-08      0.000000E+00
  0.2534      0.140670E-07      0.121593E+00      0.000000E+00      0.171045E-08      0.000000E+00
  0.2574      0.172431E-07      0.100910E+00      0.000000E+00      0.174001E-08      0.000000E+00
  0.2614      0.209125E-07      0.849044E-01      0.000000E+00      0.177556E-08      0.000000E+00
  0.2654      0.251253E-07      0.727298E-01      0.000000E+00      0.182736E-08      0.000000E+00
  0.2694      0.299351E-07      0.622656E-01      0.000000E+00      0.186393E-08      0.000000E+00
  0.2733      0.353985E-07      0.537295E-01      0.239285E-13      0.190194E-08      0.847033E-21
  0.2773      0.415757E-07      0.471640E-01      0.000000E+00      0.196088E-08      0.000000E+00
  0.2813      0.485303E-07      0.413423E-01      0.174537E-13      0.200635E-08      0.847033E-21
  0.2853      0.563294E-07      0.363342E-01      0.150371E-13      0.204668E-08      0.847033E-21
  0.2893      0.650438E-07      0.324657E-01      0.130225E-13      0.211169E-08      0.847033E-21
  0.2933      0.747479E-07      0.290083E-01      0.000000E+00      0.216831E-08      0.000000E+00
  0.2973      0.855201E-07      0.258839E-01      0.000000E+00      0.221360E-08      0.000000E+00
  0.3013      0.974425E-07      0.234529E-01      0.869264E-14      0.228531E-08      0.847033E-21
  0.3053      0.110601E-06      0.212933E-01      0.765845E-14      0.235506E-08      0.847033E-21
  0.3093      0.125086E-06      0.192467E-01      0.000000E+00      0.240750E-08      0.000000E+00
  0.3132      0.140991E-06      0.176339E-01      0.600769E-14      0.248623E-08      0.847033E-21
  0.3172      0.158415E-06      0.162307E-01      0.000000E+00      0.257119E-08      0.000000E+00
  0.3212      0.177460E-06      0.148422E-01      0.477309E-14      0.263390E-08      0.847033E-21
  0.3252      0.198233E-06      0.137243E-01      0.000000E+00      0.272060E-08      0.000000E+00
  0.3292      0.220843E-06      0.127835E-01      0.000000E+00      0.282315E-08      0.000000E+00
  0.3332      0.245407E-06      0.118177E-01      0.000000E+00      0.290015E-08      0.000000E+00
  0.3372      0.272044E-06      0.110142E-01      0.000000E+00      0.299633E-08      0.000000E+00
  0.3412      0.300876E-06      0.103658E-01      0.281522E-14      0.311881E-08      0.847033E-21
  0.3452      0.332033E-06      0.968303E-02      0.000000E+00      0.321508E-08      0.000000E+00
  0.3492      0.365646E-06      0.908930E-02      0.000000E+00      0.332346E-08      0.000000E+00
  0.3531      0.401851E-06      0.863223E-02      0.000000E+00      0.346887E-08      0.000000E+00
  0.3571      0.440790E-06      0.814605E-02      0.000000E+00      0.359070E-08      0.000000E+00
  0.3611      0.482608E-06      0.769868E-02      0.000000E+00      0.371544E-08      0.000000E+00
  0.3651      0.527454E-06      0.736985E-02      0.000000E+00      0.388725E-08      0.000000E+00
  0.3691      0.575481E-06      0.702431E-02      0.000000E+00      0.404236E-08      0.000000E+00
  0.3731      0.626847E-06      0.668432E-02      0.000000E+00      0.419005E-08      0.000000E+00
  0.3771      0.681714E-06      0.644458E-02      0.000000E+00      0.439336E-08      0.000000E+00
  0.3811      0.740249E-06      0.620266E-02      0.000000E+00      0.459151E-08      0.000000E+00
  0.3851      0.802620E-06      0.594490E-02      0.105534E-14      0.477150E-08      0.847033E-21
  0.3891      0.869002E-06      0.576881E-02      0.000000E+00      0.501311E-08      0.000000E+00
  0.3930      0.939572E-06      0.560572E-02      0.000000E+00      0.526698E-08      0.000000E+00
  0.3970      0.101451E-05      0.541532E-02      0.834917E-15      0.549391E-08      0.847033E-21
  0.4010      0.109401E-05      0.528745E-02      0.000000E+00      0.578450E-08      0.000000E+00
  0.4050      0.117825E-05      0.518604E-02      0.718893E-15      0.611043E-08      0.847033E-21
  0.4090      0.126742E-05      0.505432E-02      0.000000E+00      0.640595E-08      0.000000E+00
  0.4130      0.136172E-05      0.496609E-02      0.000000E+00      0.676245E-08      0.000000E+00
  0.4170      0.146136E-05      0.491530E-02      0.000000E+00      0.718303E-08      0.000000E+00
  0.4210      0.156652E-05      0.484004E-02      0.540708E-15      0.758204E-08      0.847033E-21
  0.4250      0.167743E-05      0.478914E-02      0.504960E-15      0.803343E-08      0.847033E-21
  0.4290      0.179427E-05      0.478179E-02      0.000000E+00      0.857981E-08      0.000000E+00
  0.4329      0.191726E-05      0.476912E-02      0.000000E+00      0.914366E-08      0.000000E+00
  0.4369      0.204662E-05      0.476228E-02      0.000000E+00      0.974660E-08      0.000000E+00
  0.4409      0.218256E-05      0.479200E-02      0.000000E+00      0.104588E-07      0.000000E+00
  0.4449      0.232529E-05      0.486993E-02      0.000000E+00      0.113240E-07      0.000000E+00
  0.4489      0.247504E-05      0.494611E-02      0.000000E+00      0.122418E-07      0.000000E+00
  0.4529      0.263202E-05      0.498698E-02      0.000000E+00      0.131258E-07      0.000000E+00
  0.4569      0.279644E-05      0.533454E-02      0.000000E+00      0.149177E-07      0.000000E+00
  0.4609      0.296855E-05      0.620249E-02      0.000000E+00      0.184124E-07      0.000000E+00
  0.4649      0.314855E-05      0.666461E-02      0.000000E+00      0.209838E-07      0.000000E+00
  0.4689      0.333666E-05      0.587534E-02      0.000000E+00      0.196040E-07      0.000000E+00
  0.4728      0.353313E-05      0.489479E-02      0.000000E+00      0.172939E-07      0.000000E+00
  0.4768      0.373816E-05      0.496027E-02      0.000000E+00      0.185423E-07      0.000000E+00
  0.4808      0.395198E-05      0.547169E-02      0.000000E+00      0.216240E-07      0.000000E+00
  0.4848      0.417482E-05      0.581927E-02      0.202891E-15      0.242944E-07      0.847033E-21
  0.4888      0.440689E-05      0.635672E-02      0.000000E+00      0.280134E-07      0.000000E+00
  0.4928      0.464842E-05      0.680833E-02      0.000000E+00      0.316479E-07      0.000000E+00
  0.4968      0.489963E-05      0.714838E-02      0.000000E+00      0.350244E-07      0.000000E+00
  0.5008      0.516073E-05      0.816809E-02      0.164130E-15      0.421533E-07      0.847033E-21
  0.5048      0.543195E-05      0.905498E-02      0.000000E+00      0.491862E-07      0.000000E+00
  0.5088      0.571349E-05      0.947958E-02      0.000000E+00      0.541615E-07      0.000000E+00
  0.5127      0.600558E-05      0.116986E-01      0.000000E+00      0.702568E-07      0.000000E+00
  0.5167      0.630841E-05      0.141057E-01      0.000000E+00      0.889849E-07      0.000000E+00
  0.5207      0.662220E-05      0.144092E-01      0.127908E-15      0.954207E-07      0.847033E-21
  0.5247      0.694715E-05      0.215551E-01      0.121925E-15      0.149746E-06      0.847033E-21
  0.5287      0.728344E-05      0.369560E-01      0.000000E+00      0.269167E-06      0.000000E+00
  0.5327      0.763129E-05      0.352395E-01      0.000000E+00      0.268923E-06      0.000000E+00
  0.5367      0.799088E-05      0.105640E-01      0.000000E+00      0.844157E-07      0.000000E+00
  0.5407      0.836240E-05     -0.445981E-03      0.101291E-15     -0.372947E-08      0.847033E-21
  0.5447      0.874601E-05      0.655198E-02      0.000000E+00      0.573037E-07      0.000000E+00
  0.5487      0.914191E-05      0.515194E-01      0.000000E+00      0.470986E-06      0.000000E+00
  0.5526      0.955026E-05      0.379422E+00      0.000000E+00      0.362357E-05      0.000000E+00
  0.5566      0.997121E-05      0.128140E+01      0.000000E+00      0.127772E-04      0.000000E+00
  0.5606      0.104049E-04      0.245611E+01      0.000000E+00      0.255557E-04      0.000000E+00
  0.5646      0.108516E-04      0.305136E+01      0.000000E+00      0.331120E-04      0.000000E+00
  0.5686      0.113113E-04      0.282377E+01      0.000000E+00      0.319404E-04      0.000000E+00
  0.5726      0.117842E-04      0.267510E+01      0.000000E+00      0.315237E-04      0.000000E+00
  0.5766      0.122704E-04      0.335113E+01      0.000000E+00      0.411195E-04      0.000000E+00
  0.5806      0.127700E-04      0.423194E+01      0.000000E+00      0.540419E-04      0.000000E+00
  0.5846      0.132832E-04      0.427701E+01      0.000000E+00      0.568124E-04      0.000000E+00
  0.5886      0.138100E-04      0.358416E+01      0.000000E+00      0.494973E-04      0.000000E+00
  0.5925      0.143506E-04      0.306523E+01      0.000000E+00      0.439879E-04      0.000000E+00
  0.5965      0.149050E-04      0.307444E+01      0.568287E-16      0.458247E-04      0.847033E-21
  0.6005      0.154733E-04      0.325946E+01      0.547415E-16      0.504347E-04      0.847033E-21
  0.6045      0.160556E-04      0.336045E+01      0.527563E-16      0.539540E-04      0.847033E-21
  0.6085      0.166519E-04      0.338672E+01      0.000000E+00      0.563952E-04      0.000000E+00
  0.6125      0.172622E-04      0.330970E+01      0.000000E+00      0.571326E-04      0.000000E+00
  0.6165      0.178866E-04      0.312035E+01      0.000000E+00      0.558126E-04      0.000000E+00
  0.6205      0.185252E-04      0.295197E+01      0.457234E-16      0.546857E-04      0.847033E-21
  0.6245      0.191778E-04      0.288187E+01      0.000000E+00      0.552679E-04      0.000000E+00
  0.6285      0.198446E-04      0.284975E+01      0.000000E+00      0.565520E-04      0.000000E+00
  0.6324      0.205254E-04      0.282921E+01      0.000000E+00      0.580708E-04      0.000000E+00
  0.6364      0.212203E-04      0.283890E+01      0.000000E+00      0.602424E-04      0.000000E+00
  0.6404      0.219293E-04      0.283493E+01      0.000000E+00      0.621680E-04      0.000000E+00
  0.6444      0.226522E-04      0.277963E+01      0.000000E+00      0.629647E-04      0.000000E+00
  0.6484      0.233891E-04      0.271119E+01      0.000000E+00      0.634124E-04      0.000000E+00
  0.6524      0.241398E-04      0.265133E+01      0.350886E-16      0.640027E-04      0.847033E-21
  0.6564      0.249042E-04      0.257924E+01      0.000000E+00      0.642340E-04      0.000000E+00
  0.6604      0.256823E-04      0.250968E+01      0.000000E+00      0.644545E-04      0.000000E+00
  0.6644      0.264740E-04      0.246894E+01      0.000000E+00      0.653625E-04      0.000000E+00
  0.6684      0.272790E-04      0.243713E+01      0.000000E+00      0.664825E-04      0.000000E+00
  0.6723      0.280973E-04      0.239858E+01      0.000000E+00      0.673936E-04      0.000000E+00
  0.6763      0.289286E-04      0.236955E+01      0.000000E+00      0.685477E-04      0.000000E+00
  0.6803      0.297729E-04      0.234499E+01      0.000000E+00      0.698171E-04      0.000000E+00
  0.6843      0.306300E-04      0.230528E+01      0.000000E+00      0.706106E-04      0.000000E+00
  0.6883      0.314995E-04      0.226071E+01      0.268903E-16      0.712115E-04      0.847033E-21
  0.6923      0.323814E-04      0.222272E+01      0.000000E+00      0.719749E-04      0.000000E+00
  0.6963      0.332754E-04      0.217917E+01      0.000000E+00      0.725127E-04      0.000000E+00
  0.7003      0.341813E-04      0.213091E+01      0.000000E+00      0.728373E-04      0.000000E+00
  0.7043      0.350987E-04      0.209230E+01      0.000000E+00      0.734371E-04      0.000000E+00
  0.7083      0.360275E-04      0.205791E+01      0.000000E+00      0.741412E-04      0.000000E+00
  0.7122      0.369673E-04      0.201971E+01      0.000000E+00      0.746634E-04      0.000000E+00
  0.7162      0.379179E-04      0.198684E+01      0.000000E+00      0.753365E-04      0.000000E+00
  0.7202      0.388789E-04      0.195983E+01      0.000000E+00      0.761960E-04      0.000000E+00
  0.7242      0.398500E-04      0.192835E+01      0.000000E+00      0.768446E-04      0.000000E+00
  0.7282      0.408308E-04      0.189583E+01      0.000000E+00      0.774085E-04      0.000000E+00
  0.7322      0.418211E-04      0.186796E+01      0.000000E+00      0.781203E-04      0.000000E+00
  0.7362      0.428204E-04      0.183744E+01      0.000000E+00      0.786802E-04      0.000000E+00
  0.7402      0.438284E-04      0.180319E+01      0.000000E+00      0.790308E-04      0.000000E+00
  0.7442      0.448447E-04      0.177272E+01      0.000000E+00      0.794971E-04      0.000000E+00
  0.7482      0.458688E-04      0.174337E+01      0.000000E+00      0.799662E-04      0.000000E+00
  0.7521      0.469004E-04      0.171081E+01      0.000000E+00      0.802377E-04      0.000000E+00
  0.7561      0.479390E-04      0.168078E+01      0.000000E+00      0.805750E-04      0.000000E+00
  0.7601      0.489842E-04      0.165431E+01      0.000000E+00      0.810352E-04      0.000000E+00
  0.7641      0.500355E-04      0.162587E+01      0.000000E+00      0.813514E-04      0.000000E+00
  0.7681      0.510924E-04      0.159783E+01      0.000000E+00      0.816371E-04      0.000000E+00
  0.7721      0.521545E-04      0.157351E+01      0.000000E+00      0.820654E-04      0.000000E+00
  0.7761      0.532213E-04      0.154833E+01      0.000000E+00      0.824041E-04      0.000000E+00
  0.7801      0.542923E-04      0.152161E+01      0.000000E+00      0.826118E-04      0.000000E+00
  0.7841      0.553669E-04      0.149752E+01      0.000000E+00      0.829131E-04      0.000000E+00
  0.7881      0.564447E-04      0.147381E+01      0.000000E+00      0.831889E-04      0.000000E+00
  0.7920      0.575250E-04      0.144786E+01      0.000000E+00      0.832883E-04      0.000000E+00
  0.7960      0.586075E-04      0.142327E+01      0.000000E+00      0.834142E-04      0.000000E+00
  0.8000      0.596915E-04      0.140025E+01      0.709509E-17      0.835827E-04      0.423516E-21
  0.8040      0.607764E-04      0.137548E+01      0.000000E+00      0.835967E-04      0.000000E+00
  0.8080      0.618617E-04      0.135099E+01      0.684618E-17      0.835743E-04      0.423516E-21
  0.8120      0.629468E-04      0.132869E+01      0.000000E+00      0.836367E-04      0.000000E+00
  0.8160      0.640312E-04      0.130565E+01      0.661422E-17      0.836022E-04      0.423516E-21
  0.8200      0.651142E-04      0.128202E+01      0.650421E-17      0.834777E-04      0.423516E-21
  0.8240      0.661953E-04      0.126042E+01      0.000000E+00      0.834338E-04      0.000000E+00
  0.8280      0.672738E-04      0.123901E+01      0.000000E+00      0.833527E-04      0.000000E+00
  0.8319      0.683492E-04      0.121647E+01      0.619636E-17      0.831446E-04      0.423516E-21
  0.8359      0.694208E-04      0.119523E+01      0.000000E+00      0.829739E-04      0.000000E+00
  0.8399      0.704880E-04      0.117484E+01      0.000000E+00      0.828122E-04      0.000000E+00
  0.8439      0.715503E-04      0.115323E+01      0.000000E+00      0.825141E-04      0.000000E+00
  0.8479      0.726069E-04      0.113206E+01      0.000000E+00      0.821952E-04      0.000000E+00
  0.8519      0.736572E-04      0.111209E+01      0.000000E+00      0.819132E-04      0.000000E+00
  0.8559      0.747007E-04      0.109124E+01      0.566951E-17      0.815162E-04      0.423516E-21
  0.8599      0.757367E-04      0.107012E+01      0.559196E-17      0.810471E-04      0.423516E-21
  0.8639      0.767645E-04      0.105025E+01      0.551709E-17      0.806222E-04      0.423516E-21
  0.8679      0.777836E-04      0.103009E+01      0.544481E-17      0.801243E-04      0.423516E-21
  0.8718      0.787933E-04      0.100925E+01      0.000000E+00      0.795220E-04      0.000000E+00
  0.8758      0.797929E-04      0.989427E+00      0.000000E+00      0.789493E-04      0.000000E+00
  0.8798      0.807819E-04      0.969870E+00      0.000000E+00      0.783480E-04      0.000000E+00
  0.8838      0.817597E-04      0.949478E+00      0.000000E+00      0.776290E-04      0.000000E+00
  0.8878      0.827255E-04      0.929656E+00      0.000000E+00      0.769062E-04      0.000000E+00
  0.8918      0.836788E-04      0.910461E+00      0.506122E-17      0.761863E-04      0.423516E-21
  0.8958      0.846190E-04      0.890513E+00      0.000000E+00      0.753543E-04      0.000000E+00
  0.8998      0.855454E-04      0.870648E+00      0.000000E+00      0.744799E-04      0.000000E+00
  0.9038      0.864575E-04      0.851561E+00      0.000000E+00      0.736238E-04      0.000000E+00
  0.9078      0.873546E-04      0.831940E+00      0.484824E-17      0.726738E-04      0.423516E-21
  0.9117      0.882362E-04      0.811914E+00      0.000000E+00      0.716402E-04      0.000000E+00
  0.9157      0.891016E-04      0.792548E+00      0.475318E-17      0.706173E-04      0.423516E-21
  0.9197      0.899504E-04      0.773006E+00      0.470833E-17      0.695322E-04      0.423516E-21
  0.9237      0.907818E-04      0.752871E+00      0.466521E-17      0.683470E-04      0.423516E-21
  0.9277      0.915954E-04      0.733136E+00      0.462378E-17      0.671518E-04      0.423516E-21
  0.9317      0.923905E-04      0.713372E+00      0.458398E-17      0.659088E-04      0.423516E-21
  0.9357      0.931668E-04      0.692804E+00      0.000000E+00      0.645463E-04      0.000000E+00
  0.9397      0.939235E-04      0.672329E+00      0.000000E+00      0.631475E-04      0.000000E+00
  0.9437      0.946602E-04      0.652169E+00      0.000000E+00      0.617344E-04      0.000000E+00
  0.9477      0.953764E-04      0.631454E+00      0.444048E-17      0.602258E-04      0.423516E-21
  0.9516      0.960715E-04      0.610487E+00      0.440835E-17      0.586504E-04      0.423516E-21
  0.9556      0.967451E-04      0.589579E+00      0.000000E+00      0.570389E-04      0.000000E+00
  0.9596      0.973968E-04      0.567971E+00      0.000000E+00      0.553185E-04      0.000000E+00
  0.9636      0.980260E-04      0.545826E+00      0.432045E-17      0.535051E-04      0.423516E-21
  0.9676      0.986322E-04      0.523774E+00      0.000000E+00      0.516610E-04      0.000000E+00
  0.9716      0.992152E-04      0.501207E+00      0.426867E-17      0.497274E-04      0.423516E-21
  0.9756      0.997744E-04      0.477836E+00      0.424474E-17      0.476758E-04      0.423516E-21
  0.9796      0.100309E-03      0.454276E+00      0.422210E-17      0.455681E-04      0.423516E-21
  0.9836      0.100820E-03      0.430257E+00      0.000000E+00      0.433784E-04      0.000000E+00
  0.9876      0.101305E-03      0.405270E+00      0.000000E+00      0.410561E-04      0.000000E+00
  0.9915      0.101766E-03      0.379755E+00      0.000000E+00      0.386460E-04      0.000000E+00
  0.9955      0.102200E-03      0.353763E+00      0.414398E-17      0.361547E-04      0.423516E-21
  0.9995      0.102609E-03      0.326755E+00      0.412747E-17      0.335280E-04      0.423516E-21
  1.0035      0.102992E-03      0.298865E+00      0.411215E-17      0.307805E-04      0.423516E-21
  1.0075      0.103348E-03      0.270341E+00      0.000000E+00      0.279391E-04      0.000000E+00
  1.0115      0.103677E-03      0.240972E+00      0.408497E-17      0.249832E-04      0.423516E-21
  1.0155      0.103979E-03      0.210976E+00      0.407310E-17      0.219371E-04      0.423516E-21
  1.0195      0.104254E-03      0.180785E+00      0.406236E-17      0.188476E-04      0.423516E-21
  1.0235      0.104501E-03      0.150086E+00      0.000000E+00      0.156841E-04      0.000000E+00
  1.0275      0.104721E-03      0.118675E+00      0.000000E+00      0.124278E-04      0.000000E+00
  1.0314      0.104913E-03      0.878668E-01      0.000000E+00      0.921834E-05      0.000000E+00
  1.0354      0.105077E-03      0.594338E-01      0.403055E-17      0.624510E-05      0.423516E-21
  1.0394      0.105212E-03      0.341863E-01      0.000000E+00      0.359682E-05      0.000000E+00
  1.0434      0.105320E-03      0.150291E-01      0.000000E+00      0.158286E-05      0.000000E+00
  1.0474      0.105399E-03      0.929029E-02      0.401822E-17      0.979189E-06      0.423516E-21
  1.0514      0.105450E-03      0.248171E-01      0.401628E-17      0.261696E-05      0.423516E-21
  1.0554      0.105472E-03      0.755899E-01      0.401543E-17      0.797264E-05      0.423516E-21
  1.0594      0.105466E-03      0.198057E+00      0.401566E-17      0.208884E-04      0.423516E-21
  1.0634      0.105432E-03      0.449868E+00      0.401698E-17      0.474303E-04      0.423516E-21
  1.0674      0.105369E-03      0.927941E+00      0.000000E+00      0.977758E-04      0.000000E+00
  1.0713      0.105277E-03      0.184958E+01      0.402287E-17      0.194718E-03      0.423516E-21
  1.0753      0.105157E-03      0.349646E+01      0.201373E-17      0.367678E-03      0.211758E-21
  1.0793      0.105009E-03      0.580656E+01      0.201657E-17      0.609741E-03      0.211758E-21
  1.0833      0.104833E-03      0.802667E+01      0.201997E-17      0.841457E-03      0.211758E-21
  1.0873      0.104628E-03      0.913374E+01      0.202391E-17      0.955646E-03      0.211758E-21
  1.0913      0.104396E-03      0.876298E+01      0.202842E-17      0.914817E-03      0.211758E-21
  1.0953      0.104135E-03      0.748832E+01      0.203349E-17      0.779798E-03      0.211758E-21
  1.0993      0.103847E-03      0.612737E+01      0.203913E-17      0.636311E-03      0.211758E-21
  1.1033      0.103532E-03      0.505911E+01      0.204534E-17      0.523780E-03      0.211758E-21
  1.1073      0.103189E-03      0.426492E+01      0.205213E-17      0.440095E-03      0.211758E-21
  1.1112      0.102820E-03      0.366524E+01      0.205951E-17      0.376860E-03      0.211758E-21
  1.1152      0.102424E-03      0.321771E+01      0.206748E-17      0.329570E-03      0.211758E-21
  1.1192      0.102001E-03      0.287470E+01      0.207605E-17      0.293222E-03      0.211758E-21
  1.1232      0.101552E-03      0.259927E+01      0.208522E-17      0.263961E-03      0.211758E-21
  1.1272      0.101077E-03      0.237851E+01      0.209502E-17      0.240412E-03      0.211758E-21
  1.1312      0.100577E-03      0.219915E+01      0.210544E-17      0.221183E-03      0.211758E-21
  1.1352      0.100051E-03      0.204722E+01      0.000000E+00      0.204826E-03      0.000000E+00
  1.1392      0.995006E-04      0.191871E+01      0.000000E+00      0.190913E-03      0.000000E+00
  1.1432      0.989258E-04      0.180992E+01      0.000000E+00      0.179048E-03      0.000000E+00
  1.1472      0.983268E-04      0.171443E+01      0.000000E+00      0.168574E-03      0.000000E+00
  1.1511      0.977043E-04      0.163054E+01      0.433468E-17      0.159311E-03      0.423516E-21
  1.1551      0.970585E-04      0.155747E+01      0.000000E+00      0.151166E-03      0.000000E+00
  1.1591      0.963900E-04      0.149182E+01      0.439378E-17      0.143796E-03      0.423516E-21
  1.1631      0.956991E-04      0.143251E+01      0.000000E+00      0.137090E-03      0.000000E+00
  1.1671      0.949864E-04      0.137973E+01      0.000000E+00      0.131055E-03      0.000000E+00
  1.1711      0.942524E-04      0.133153E+01      0.000000E+00      0.125499E-03      0.000000E+00
  1.1751      0.934974E-04      0.128707E+01      0.452971E-17      0.120337E-03      0.423516E-21
  1.1791      0.927222E-04      0.124686E+01      0.000000E+00      0.115612E-03      0.000000E+00
  1.1831      0.919271E-04      0.120977E+01      0.000000E+00      0.111211E-03      0.000000E+00
  1.1871      0.911127E-04      0.117498E+01      0.000000E+00      0.107056E-03      0.000000E+00
  1.1910      0.902796E-04      0.114306E+01      0.469116E-17      0.103195E-03      0.423516E-21
  1.1950      0.894283E-04      0.111342E+01      0.000000E+00      0.995710E-04      0.000000E+00
  1.1990      0.885594E-04      0.108524E+01      0.478229E-17      0.961082E-04      0.423516E-21
  1.2030      0.876735E-04      0.105907E+01      0.483061E-17      0.928524E-04      0.423516E-21
  1.2070      0.867711E-04      0.103467E+01      0.488085E-17      0.897794E-04      0.423516E-21
  1.2110      0.858529E-04      0.101125E+01      0.000000E+00      0.868184E-04      0.000000E+00
  1.2150      0.849194E-04      0.989232E+00      0.000000E+00      0.840050E-04      0.000000E+00
  1.2190      0.839713E-04      0.968670E+00      0.000000E+00      0.813405E-04      0.000000E+00
  1.2230      0.830092E-04      0.948786E+00      0.000000E+00      0.787579E-04      0.000000E+00
  1.2270      0.820337E-04      0.929861E+00      0.516272E-17      0.762799E-04      0.423516E-21
  1.2309      0.810454E-04      0.912174E+00      0.000000E+00      0.739275E-04      0.000000E+00
  1.2349      0.800449E-04      0.895009E+00      0.000000E+00      0.716409E-04      0.000000E+00
  1.2389      0.790330E-04      0.878453E+00      0.535873E-17      0.694268E-04      0.423516E-21
  1.2429      0.780102E-04      0.862960E+00      0.542899E-17      0.673197E-04      0.423516E-21
  1.2469      0.769772E-04      0.847926E+00      0.000000E+00      0.652710E-04      0.000000E+00
  1.2509      0.759346E-04      0.833249E+00      0.000000E+00      0.632725E-04      0.000000E+00
  1.2549      0.748831E-04      0.819495E+00      0.000000E+00      0.613663E-04      0.000000E+00
  1.2589      0.738233E-04      0.806168E+00      0.000000E+00      0.595140E-04      0.000000E+00
  1.2629      0.727559E-04      0.792965E+00      0.000000E+00      0.576929E-04      0.000000E+00
  1.2669      0.716815E-04      0.780561E+00      0.000000E+00      0.559518E-04      0.000000E+00
  1.2708      0.706008E-04      0.768614E+00      0.000000E+00      0.542648E-04      0.000000E+00
  1.2748      0.695144E-04      0.756572E+00      0.000000E+00      0.525926E-04      0.000000E+00
  1.2788      0.684229E-04      0.745229E+00      0.000000E+00      0.509908E-04      0.000000E+00
  1.2828      0.673270E-04      0.734416E+00      0.000000E+00      0.494461E-04      0.000000E+00
  1.2868      0.662274E-04      0.723139E+00      0.000000E+00      0.478916E-04      0.000000E+00
  1.2908      0.651246E-04      0.712490E+00      0.000000E+00      0.464007E-04      0.000000E+00
  1.2948      0.640194E-04      0.702681E+00      0.000000E+00      0.449852E-04      0.000000E+00
  1.2988      0.629122E-04      0.690625E+00      0.000000E+00      0.434488E-04      0.000000E+00
  1.3028      0.618038E-04      0.676776E+00      0.000000E+00      0.418273E-04      0.000000E+00
  1.3068      0.606948E-04      0.667543E+00      0.000000E+00      0.405164E-04      0.000000E+00
  1.3107      0.595856E-04      0.665064E+00      0.000000E+00      0.396283E-04      0.000000E+00
  1.3147      0.584771E-04      0.662687E+00      0.144849E-16      0.387520E-04      0.847033E-21
  1.3187      0.573697E-04      0.654646E+00      0.147645E-16      0.375569E-04      0.847033E-21
  1.3227      0.562640E-04      0.642727E+00      0.000000E+00      0.361624E-04      0.000000E+00
  1.3267      0.551607E-04      0.631682E+00      0.000000E+00      0.348440E-04      0.000000E+00
  1.3307      0.540602E-04      0.623895E+00      0.000000E+00      0.337279E-04      0.000000E+00
  1.3347      0.529632E-04      0.618682E+00      0.000000E+00      0.327674E-04      0.000000E+00
  1.3387      0.518701E-04      0.613442E+00      0.000000E+00      0.318193E-04      0.000000E+00
  1.3427      0.507815E-04      0.606308E+00      0.000000E+00      0.307893E-04      0.000000E+00
  1.3467      0.496980E-04      0.598470E+00      0.170436E-16      0.297428E-04      0.847033E-21
  1.3506      0.486201E-04      0.592037E+00      0.000000E+00      0.287849E-04      0.000000E+00
  1.3546      0.475482E-04      0.586438E+00      0.000000E+00      0.278841E-04      0.000000E+00
  1.3586      0.464828E-04      0.579722E+00      0.182225E-16      0.269471E-04      0.847033E-21
  1.3626      0.454245E-04      0.572182E+00      0.000000E+00      0.259911E-04      0.000000E+00
  1.3666      0.443737E-04      0.565516E+00      0.000000E+00      0.250940E-04      0.000000E+00
  1.3706      0.433308E-04      0.559683E+00      0.000000E+00      0.242515E-04      0.000000E+00
  1.3746      0.422964E-04      0.553643E+00      0.000000E+00      0.234171E-04      0.000000E+00
  1.3786      0.412707E-04      0.547562E+00      0.000000E+00      0.225983E-04      0.000000E+00
  1.3826      0.402543E-04      0.541801E+00      0.000000E+00      0.218098E-04      0.000000E+00
  1.3866      0.392475E-04      0.535858E+00      0.000000E+00      0.210311E-04      0.000000E+00
  1.3905      0.382508E-04      0.529774E+00      0.000000E+00      0.202643E-04      0.000000E+00
  1.3945      0.372644E-04      0.524167E+00      0.000000E+00      0.195328E-04      0.000000E+00
  1.3985      0.362888E-04      0.518770E+00      0.000000E+00      0.188256E-04      0.000000E+00
  1.4025      0.353243E-04      0.513209E+00      0.000000E+00      0.181288E-04      0.000000E+00
  1.4065      0.343713E-04      0.507914E+00      0.000000E+00      0.174577E-04      0.000000E+00
  1.4105      0.334300E-04      0.502872E+00      0.000000E+00      0.168110E-04      0.000000E+00
  1.4145      0.325007E-04      0.497605E+00      0.000000E+00      0.161725E-04      0.000000E+00
  1.4185      0.315838E-04      0.492398E+00      0.000000E+00      0.155518E-04      0.000000E+00
  1.4225      0.306794E-04      0.487518E+00      0.276091E-16      0.149568E-04      0.847033E-21
  1.4265      0.297880E-04      0.482542E+00      0.000000E+00      0.143740E-04      0.000000E+00
  1.4304      0.289096E-04      0.477545E+00      0.000000E+00      0.138056E-04      0.000000E+00
  1.4344      0.280446E-04      0.472904E+00      0.000000E+00      0.132624E-04      0.000000E+00
  1.4384      0.271930E-04      0.468280E+00      0.000000E+00      0.127340E-04      0.000000E+00
  1.4424      0.263553E-04      0.463537E+00      0.000000E+00      0.122166E-04      0.000000E+00
  1.4464      0.255314E-04      0.459095E+00      0.000000E+00      0.117213E-04      0.000000E+00
  1.4504      0.247216E-04      0.454758E+00      0.342629E-16      0.112423E-04      0.847033E-21
  1.4544      0.239260E-04      0.450228E+00      0.000000E+00      0.107722E-04      0.000000E+00
  1.4584      0.231448E-04      0.445957E+00      0.365971E-16      0.103216E-04      0.847033E-21
  1.4624      0.223781E-04      0.441944E+00      0.000000E+00      0.988986E-05      0.000000E+00
  1.4664      0.216260E-04      0.437664E+00      0.000000E+00      0.946492E-05      0.000000E+00
  1.4703      0.208885E-04      0.433784E+00      0.000000E+00      0.906112E-05      0.000000E+00
  1.4743      0.201659E-04      0.431814E+00      0.000000E+00      0.870791E-05      0.000000E+00
  1.4783      0.194580E-04      0.431916E+00      0.000000E+00      0.840424E-05      0.000000E+00
  1.4823      0.187651E-04      0.431862E+00      0.000000E+00      0.810392E-05      0.000000E+00
  1.4863      0.180870E-04      0.428396E+00      0.000000E+00      0.774842E-05      0.000000E+00
  1.4903      0.174240E-04      0.420844E+00      0.000000E+00      0.733276E-05      0.000000E+00
  1.4943      0.167758E-04      0.412645E+00      0.000000E+00      0.692247E-05      0.000000E+00
  1.4983      0.161427E-04      0.407002E+00      0.000000E+00      0.657010E-05      0.000000E+00
  1.5023      0.155244E-04      0.403154E+00      0.000000E+00      0.625873E-05      0.000000E+00
  1.5063      0.149211E-04      0.399336E+00      0.000000E+00      0.595854E-05      0.000000E+00
  1.5102      0.143327E-04      0.395633E+00      0.000000E+00      0.567048E-05      0.000000E+00
  1.5142      0.137591E-04      0.392198E+00      0.000000E+00      0.539628E-05      0.000000E+00
  1.5182      0.132002E-04      0.388625E+00      0.000000E+00      0.512993E-05      0.000000E+00
  1.5222      0.126561E-04      0.385194E+00      0.669270E-16      0.487505E-05      0.847033E-21
  1.5262      0.121265E-04      0.382031E+00      0.000000E+00      0.463271E-05      0.000000E+00
  1.5302      0.116115E-04      0.378693E+00      0.000000E+00      0.439720E-05      0.000000E+00
  1.5342      0.111109E-04      0.375428E+00      0.000000E+00      0.417133E-05      0.000000E+00
  1.5382      0.106245E-04      0.372521E+00      0.000000E+00      0.395786E-05      0.000000E+00
  1.5422      0.101524E-04      0.369495E+00      0.000000E+00      0.375125E-05      0.000000E+00
  1.5462      0.969426E-05      0.366368E+00      0.000000E+00      0.355166E-05      0.000000E+00
  1.5501      0.925004E-05      0.363457E+00      0.915708E-16      0.336199E-05      0.847033E-21
  1.5541      0.881956E-05      0.360345E+00      0.000000E+00      0.317808E-05      0.000000E+00
  1.5581      0.840266E-05      0.357028E+00      0.100805E-15      0.299999E-05      0.847033E-21
  1.5621      0.799918E-05      0.354075E+00      0.000000E+00      0.283231E-05      0.000000E+00
  1.5661      0.760894E-05      0.351182E+00      0.000000E+00      0.267212E-05      0.000000E+00
  1.5701      0.723176E-05      0.348098E+00      0.000000E+00      0.251736E-05      0.000000E+00
  1.5741      0.686746E-05      0.345405E+00      0.000000E+00      0.237205E-05      0.000000E+00
  1.5781      0.651584E-05      0.342891E+00      0.000000E+00      0.223422E-05      0.000000E+00
  1.5821      0.617669E-05      0.340028E+00      0.000000E+00      0.210025E-05      0.000000E+00
  1.5861      0.584982E-05      0.337407E+00      0.000000E+00      0.197377E-05      0.000000E+00
  1.5900      0.553500E-05      0.335136E+00      0.000000E+00      0.185498E-05      0.000000E+00
  1.5940      0.523203E-05      0.332501E+00      0.000000E+00      0.173966E-05      0.000000E+00
  1.5980      0.494069E-05      0.329930E+00      0.171440E-15      0.163008E-05      0.847033E-21
  1.6020      0.466074E-05      0.327857E+00      0.000000E+00      0.152806E-05      0.000000E+00
  1.6060      0.439196E-05      0.325503E+00      0.000000E+00      0.142960E-05      0.000000E+00
  1.6100      0.413411E-05      0.323014E+00      0.204889E-15      0.133538E-05      0.847033E-21
  1.6140      0.388697E-05      0.321111E+00      0.000000E+00      0.124815E-05      0.000000E+00
  1.6180      0.365029E-05      0.319062E+00      0.000000E+00      0.116467E-05      0.000000E+00
  1.6220      0.342383E-05      0.316623E+00      0.000000E+00      0.108406E-05      0.000000E+00
  1.6260      0.320735E-05      0.314723E+00      0.264091E-15      0.100943E-05      0.847033E-21
  1.6299      0.300061E-05      0.312894E+00      0.000000E+00      0.938874E-06      0.000000E+00
  1.6339      0.280336E-05      0.310570E+00      0.302149E-15      0.870640E-06      0.847033E-21
  1.6379      0.261535E-05      0.308794E+00      0.000000E+00      0.807605E-06      0.000000E+00
  1.6419      0.243633E-05      0.307405E+00      0.347667E-15      0.748941E-06      0.847033E-21
  1.6459      0.226606E-05      0.305395E+00      0.000000E+00      0.692045E-06      0.000000E+00
  1.6499      0.210430E-05      0.303720E+00      0.000000E+00      0.639117E-06      0.000000E+00
  1.6539      0.195078E-05      0.302677E+00      0.000000E+00      0.590455E-06      0.000000E+00
  1.6579      0.180526E-05      0.300995E+00      0.469202E-15      0.543375E-06      0.847033E-21
  1.6619      0.166751E-05      0.299485E+00      0.507964E-15      0.499393E-06      0.847033E-21
  1.6659      0.153726E-05      0.298903E+00      0.000000E+00      0.459492E-06      0.000000E+00
  1.6698      0.141428E-05      0.297690E+00      0.000000E+00      0.421017E-06      0.000000E+00
  1.6738      0.129832E-05      0.296579E+00      0.652405E-15      0.385056E-06      0.847033E-21
  1.6778      0.118915E-05      0.296864E+00      0.712300E-15      0.353017E-06      0.847033E-21
  1.6818      0.108652E-05      0.296253E+00      0.000000E+00      0.321886E-06      0.000000E+00
  1.6858      0.990202E-06      0.296729E+00      0.000000E+00      0.293822E-06      0.000000E+00
  1.6898      0.899954E-06      0.303136E+00      0.000000E+00      0.272808E-06      0.000000E+00
  1.6938      0.815546E-06      0.306408E+00      0.103861E-14      0.249890E-06      0.847033E-21
  1.6978      0.736752E-06      0.293592E+00      0.114969E-14      0.216305E-06      0.847033E-21
  1.7018      0.663344E-06      0.276112E+00      0.000000E+00      0.183157E-06      0.000000E+00
  1.7058      0.595102E-06      0.275646E+00      0.142334E-14      0.164038E-06      0.847033E-21
  1.7097      0.531806E-06      0.288382E+00      0.000000E+00      0.153363E-06      0.000000E+00
  1.7137      0.473240E-06      0.294894E+00      0.178986E-14      0.139556E-06      0.847033E-21
  1.7177      0.419194E-06      0.291502E+00      0.202062E-14      0.122196E-06      0.847033E-21
  1.7217      0.369461E-06      0.287516E+00      0.229262E-14      0.106226E-06      0.847033E-21
  1.7257      0.323836E-06      0.287939E+00      0.000000E+00      0.932450E-07      0.000000E+00
  1.7297      0.282120E-06      0.292149E+00      0.000000E+00      0.824213E-07      0.000000E+00
  1.7337      0.244120E-06      0.298209E+00      0.346975E-14      0.727986E-07      0.847033E-21
  1.7377      0.209643E-06      0.306646E+00      0.404036E-14      0.642861E-07      0.847033E-21
  1.7417      0.178504E-06      0.321325E+00      0.000000E+00      0.573578E-07      0.000000E+00
  1.7457      0.150522E-06      0.341078E+00      0.562729E-14      0.513399E-07      0.847033E-21
  1.7496      0.125520E-06      0.360330E+00      0.000000E+00      0.452288E-07      0.000000E+00
  1.7536      0.103327E-06      0.387605E+00      0.000000E+00      0.400499E-07      0.000000E+00
  1.7576      0.837734E-07      0.452054E+00      0.101110E-13      0.378701E-07      0.847033E-21
  1.7616      0.666988E-07      0.579326E+00      0.126994E-13      0.386403E-07      0.847033E-21
  1.7656      0.519452E-07      0.751144E+00      0.163063E-13      0.390183E-07      0.847033E-21
  1.7696      0.393600E-07      0.901175E+00      0.215201E-13      0.354702E-07      0.847033E-21
  1.7736      0.287957E-07      0.101396E+01      0.000000E+00      0.291978E-07      0.000000E+00
  1.7776      0.201097E-07      0.123995E+01      0.000000E+00      0.249349E-07      0.000000E+00
  1.7816      0.131642E-07      0.183604E+01      0.000000E+00      0.241701E-07      0.000000E+00
  1.7856      0.782668E-08      0.312227E+01      0.000000E+00      0.244371E-07      0.000000E+00
  1.7895      0.396930E-08      0.617614E+01      0.213396E-12      0.245149E-07      0.847033E-21
  1.7935      0.146929E-08      0.167841E+02      0.000000E+00      0.246607E-07      0.000000E+00
  1.7975      0.208786E-09      0.115768E+03      0.000000E+00      0.241709E-07      0.000000E+00
  1.8015      0.748139E-10      0.309072E+03      0.000000E+00      0.231229E-07      0.000000E+00
  1.8055      0.959249E-09      0.239051E+02      0.883017E-12      0.229310E-07      0.847033E-21
  1.8095      0.275878E-08      0.856498E+01      0.307032E-12      0.236289E-07      0.847033E-21
  1.8135      0.537486E-08      0.455056E+01      0.000000E+00      0.244586E-07      0.000000E+00
  1.8175      0.871363E-08      0.296601E+01      0.972078E-13      0.258447E-07      0.847033E-21
  1.8215      0.126859E-07      0.219342E+01      0.667697E-13      0.278254E-07      0.847033E-21
  1.8255      0.172070E-07      0.171127E+01      0.000000E+00      0.294459E-07      0.000000E+00
  1.8294      0.221969E-07      0.138622E+01      0.381599E-13      0.307698E-07      0.847033E-21
  1.8334      0.275799E-07      0.117450E+01      0.307120E-13      0.323926E-07      0.847033E-21
  1.8374      0.332845E-07      0.101960E+01      0.000000E+00      0.339371E-07      0.000000E+00
  1.8414      0.392438E-07      0.898524E+00      0.000000E+00      0.352615E-07      0.000000E+00
  1.8454      0.453948E-07      0.814472E+00      0.186592E-13      0.369728E-07      0.847033E-21
  1.8494      0.516787E-07      0.754262E+00      0.000000E+00      0.389792E-07      0.000000E+00
  1.8534      0.580405E-07      0.703591E+00      0.145938E-13      0.408368E-07      0.847033E-21
  1.8574      0.644294E-07      0.664884E+00      0.131467E-13      0.428381E-07      0.847033E-21
  1.8614      0.707981E-07      0.637394E+00      0.000000E+00      0.451263E-07      0.000000E+00
  1.8654      0.771031E-07      0.613114E+00      0.000000E+00      0.472730E-07      0.000000E+00
  1.8693      0.833044E-07      0.591737E+00      0.101679E-13      0.492943E-07      0.847033E-21
  1.8733      0.893654E-07      0.575654E+00      0.000000E+00      0.514435E-07      0.000000E+00
  1.8773      0.952530E-07      0.561385E+00      0.889245E-14      0.534736E-07      0.847033E-21
  1.8813      0.100937E-06      0.547690E+00      0.000000E+00      0.552823E-07      0.000000E+00
  1.8853      0.106391E-06      0.537582E+00      0.000000E+00      0.571939E-07      0.000000E+00
  1.8893      0.111591E-06      0.530366E+00      0.759052E-14      0.591840E-07      0.847033E-21
  1.8933      0.116515E-06      0.523831E+00      0.000000E+00      0.610344E-07      0.000000E+00
  1.8973      0.121147E-06      0.519376E+00      0.000000E+00      0.629207E-07      0.000000E+00
  1.9013      0.125469E-06      0.517589E+00      0.000000E+00      0.649413E-07      0.000000E+00
  1.9053      0.129469E-06      0.516582E+00      0.000000E+00      0.668813E-07      0.000000E+00
  1.9092      0.133136E-06      0.516596E+00      0.000000E+00      0.687777E-07      0.000000E+00
  1.9132      0.136462E-06      0.518744E+00      0.000000E+00      0.707891E-07      0.000000E+00
  1.9172      0.139441E-06      0.521774E+00      0.000000E+00      0.727567E-07      0.000000E+00
  1.9212      0.142068E-06      0.525111E+00      0.596217E-14      0.746014E-07      0.847033E-21
  1.9252      0.144341E-06      0.530000E+00      0.586828E-14      0.765008E-07      0.847033E-21
  1.9292      0.146260E-06      0.536173E+00      0.000000E+00      0.784205E-07      0.000000E+00
  1.9332      0.147825E-06      0.542755E+00      0.572996E-14      0.802330E-07      0.847033E-21
  1.9372      0.149041E-06      0.550717E+00      0.000000E+00      0.820793E-07      0.000000E+00
  1.9412      0.149910E-06      0.560606E+00      0.000000E+00      0.840406E-07      0.000000E+00
  1.9452      0.150439E-06      0.571458E+00      0.000000E+00      0.859699E-07      0.000000E+00
  1.9491      0.150636E-06      0.583189E+00      0.000000E+00      0.878490E-07      0.000000E+00
  1.9531      0.150507E-06      0.596462E+00      0.000000E+00      0.897716E-07      0.000000E+00
  1.9571      0.150062E-06      0.611371E+00      0.564455E-14      0.917437E-07      0.847033E-21
  1.9611      0.149312E-06      0.628331E+00      0.567291E-14      0.938173E-07      0.847033E-21
  1.9651      0.148267E-06      0.647822E+00      0.000000E+00      0.960508E-07      0.000000E+00
  1.9691      0.146940E-06      0.669337E+00      0.576449E-14      0.983523E-07      0.847033E-21
  1.9731      0.145342E-06      0.692744E+00      0.000000E+00      0.100685E-06      0.000000E+00
  1.9771      0.143488E-06      0.718847E+00      0.000000E+00      0.103146E-06      0.000000E+00
  1.9811      0.141390E-06      0.747831E+00      0.000000E+00      0.105736E-06      0.000000E+00
  1.9851      0.139063E-06      0.779574E+00      0.000000E+00      0.108410E-06      0.000000E+00
  1.9890      0.136522E-06      0.814735E+00      0.620438E-14      0.111229E-06      0.847033E-21
  1.9930      0.133780E-06      0.853876E+00      0.633153E-14      0.114232E-06      0.847033E-21
  1.9970      0.130853E-06      0.897165E+00      0.647315E-14      0.117397E-06      0.847033E-21
  2.0010      0.127757E-06      0.945237E+00      0.663005E-14      0.120760E-06      0.847033E-21
  2.0050      0.124505E-06      0.998926E+00      0.680321E-14      0.124371E-06      0.847033E-21
  2.0090      0.121114E-06      0.105892E+01      0.699371E-14      0.128250E-06      0.847033E-21
  2.0130      0.117598E-06      0.112609E+01      0.000000E+00      0.132426E-06      0.000000E+00
  2.0170      0.113972E-06      0.120136E+01      0.000000E+00      0.136922E-06      0.000000E+00
  2.0210      0.110252E-06      0.128580E+01      0.000000E+00      0.141761E-06      0.000000E+00
  2.0250      0.106451E-06      0.138091E+01      0.000000E+00      0.146999E-06      0.000000E+00
  2.0289      0.102585E-06      0.148837E+01      0.000000E+00      0.152683E-06      0.000000E+00
  2.0329      0.986665E-07      0.161023E+01      0.000000E+00      0.158876E-06      0.000000E+00
  2.0369      0.947103E-07      0.174901E+01      0.000000E+00      0.165649E-06      0.000000E+00
  2.0409      0.907295E-07      0.190703E+01      0.933581E-14      0.173024E-06      0.847033E-21
  2.0449      0.867369E-07      0.208760E+01      0.000000E+00      0.181072E-06      0.000000E+00
  2.0489      0.827451E-07      0.229552E+01      0.000000E+00      0.189943E-06      0.000000E+00
  2.0529      0.787660E-07      0.253543E+01      0.107538E-13      0.199705E-06      0.847033E-21
  2.0569      0.748112E-07      0.281285E+01      0.113223E-13      0.210433E-06      0.847033E-21
  2.0609      0.708917E-07      0.313635E+01      0.000000E+00      0.222341E-06      0.000000E+00
  2.0648      0.670180E-07      0.351514E+01      0.000000E+00      0.235578E-06      0.000000E+00
  2.0688      0.632000E-07      0.395960E+01      0.000000E+00      0.250247E-06      0.000000E+00
  2.0728      0.594470E-07      0.448593E+01      0.142485E-13      0.266675E-06      0.847033E-21
  2.0768      0.557679E-07      0.511351E+01      0.000000E+00      0.285170E-06      0.000000E+00
  2.0808      0.521707E-07      0.586367E+01      0.000000E+00      0.305912E-06      0.000000E+00
  2.0848      0.486632E-07      0.676829E+01      0.174060E-13      0.329367E-06      0.847033E-21
  2.0888      0.452523E-07      0.786949E+01      0.000000E+00      0.356112E-06      0.000000E+00
  2.0928      0.419444E-07      0.921522E+01      0.201942E-13      0.386527E-06      0.847033E-21
  2.0968      0.387454E-07      0.108741E+02      0.000000E+00      0.421321E-06      0.000000E+00
  2.1008      0.356604E-07      0.129446E+02      0.000000E+00      0.461609E-06      0.000000E+00
  2.1048      0.326941E-07      0.155495E+02      0.259078E-13      0.508377E-06      0.847033E-21
  2.1087      0.298505E-07      0.188599E+02      0.283758E-13      0.562978E-06      0.847033E-21
  2.1127      0.271332E-07      0.231272E+02      0.000000E+00      0.627514E-06      0.000000E+00
  2.1167      0.245449E-07      0.286865E+02      0.345095E-13      0.704108E-06      0.847033E-21
  2.1207      0.220881E-07      0.360081E+02      0.383479E-13      0.795351E-06      0.847033E-21
  2.1247      0.197646E-07      0.458049E+02      0.000000E+00      0.905318E-06      0.000000E+00
  2.1287      0.175757E-07      0.591036E+02      0.000000E+00      0.103879E-05      0.000000E+00
  2.1327      0.155222E-07      0.773826E+02      0.545692E-13      0.120115E-05      0.847033E-21
  2.1367      0.136043E-07      0.102900E+03      0.622621E-13      0.139988E-05      0.847033E-21
  2.1407      0.118219E-07      0.139021E+03      0.000000E+00      0.164349E-05      0.000000E+00
  2.1446      0.101743E-07      0.190556E+03      0.832519E-13      0.193878E-05      0.847033E-21
  2.1486      0.866052E-08      0.264335E+03      0.978039E-13      0.228928E-05      0.847033E-21
  2.1526      0.727897E-08      0.369391E+03      0.116367E-12      0.268879E-05      0.847033E-21
  2.1566      0.602780E-08      0.515598E+03      0.000000E+00      0.310792E-05      0.000000E+00
  2.1606      0.490475E-08      0.710901E+03      0.000000E+00      0.348679E-05      0.000000E+00
  2.1646      0.390719E-08      0.958499E+03      0.216788E-12      0.374504E-05      0.847033E-21
  2.1686      0.303220E-08      0.125642E+04      0.000000E+00      0.380972E-05      0.000000E+00
  2.1726      0.227652E-08      0.160444E+04      0.000000E+00      0.365254E-05      0.000000E+00
  2.1766      0.163662E-08      0.202362E+04      0.517551E-12      0.331188E-05      0.847033E-21
  2.1806      0.110870E-08      0.259128E+04      0.763990E-12      0.287294E-05      0.847033E-21
  2.1846      0.688728E-09      0.351385E+04      0.122985E-11      0.242009E-05      0.847033E-21
  2.1885      0.372465E-09      0.538618E+04      0.000000E+00      0.200616E-05      0.000000E+00
  2.1925      0.155468E-09      0.106350E+05      0.544827E-11      0.165340E-05      0.847033E-21
  2.1965      0.331309E-10      0.411939E+05      0.000000E+00      0.136479E-05      0.000000E+00
  2.2005      0.697629E-12      0.162352E+07      0.121416E-08      0.113262E-05      0.847033E-21
  2.2045      0.532888E-10      0.177580E+05      0.158951E-10      0.946303E-06      0.847033E-21
  2.2085      0.185922E-09      0.428677E+04      0.455585E-11      0.797004E-06      0.847033E-21
  2.2125      0.393532E-09      0.172042E+04      0.000000E+00      0.677039E-06      0.000000E+00
  2.2165      0.670994E-09      0.863729E+03      0.126235E-11      0.579557E-06      0.847033E-21
  2.2205      0.101314E-08      0.493228E+03      0.000000E+00      0.499710E-06      0.000000E+00
  2.2245      0.141479E-08      0.306765E+03      0.598700E-12      0.434007E-06      0.847033E-21
  2.2284      0.187074E-08      0.202745E+03      0.452779E-12      0.379284E-06      0.847033E-21
  2.2324      0.237583E-08      0.140254E+03      0.000000E+00      0.333220E-06      0.000000E+00
  2.2364      0.292492E-08      0.100644E+03      0.000000E+00      0.294374E-06      0.000000E+00
  2.2404      0.351291E-08      0.744219E+02      0.000000E+00      0.261437E-06      0.000000E+00
  2.2444      0.413479E-08      0.564174E+02      0.000000E+00      0.233274E-06      0.000000E+00
  2.2484      0.478561E-08      0.436922E+02      0.000000E+00      0.209094E-06      0.000000E+00
  2.2524      0.546054E-08      0.344537E+02      0.000000E+00      0.188136E-06      0.000000E+00
  2.2564      0.615483E-08      0.275842E+02      0.000000E+00      0.169776E-06      0.000000E+00
  2.2604      0.686389E-08      0.223954E+02      0.000000E+00      0.153720E-06      0.000000E+00
  2.2643      0.758323E-08      0.184183E+02      0.000000E+00      0.139670E-06      0.000000E+00
  2.2683      0.830852E-08      0.153166E+02      0.000000E+00      0.127259E-06      0.000000E+00
  2.2723      0.903560E-08      0.128675E+02      0.000000E+00      0.116266E-06      0.000000E+00
  2.2763      0.976046E-08      0.109120E+02      0.000000E+00      0.106506E-06      0.000000E+00
  2.2803      0.104793E-07      0.932828E+01      0.000000E+00      0.977534E-07      0.000000E+00
  2.2843      0.111883E-07      0.803667E+01      0.000000E+00      0.899169E-07      0.000000E+00
  2.2883      0.118842E-07      0.697876E+01      0.000000E+00      0.829372E-07      0.000000E+00
  2.2923      0.125637E-07      0.610012E+01      0.000000E+00      0.766400E-07      0.000000E+00
  2.2963      0.132236E-07      0.536302E+01      0.000000E+00      0.709186E-07      0.000000E+00
  2.3003      0.138611E-07      0.474434E+01      0.000000E+00      0.657620E-07      0.000000E+00
  2.3043      0.144736E-07      0.422051E+01      0.000000E+00      0.610860E-07      0.000000E+00
  2.3082      0.150586E-07      0.377252E+01      0.000000E+00      0.568087E-07      0.000000E+00
  2.3122      0.156137E-07      0.338992E+01      0.000000E+00      0.529293E-07      0.000000E+00
  2.3162      0.161371E-07      0.306119E+01      0.000000E+00      0.493987E-07      0.000000E+00
  2.3202      0.166268E-07      0.277510E+01      0.000000E+00      0.461409E-07      0.000000E+00
  2.3242      0.170812E-07      0.252660E+01      0.000000E+00      0.431574E-07      0.000000E+00
  2.3282      0.174990E-07      0.231075E+01      0.000000E+00      0.404358E-07      0.000000E+00
  2.3322      0.178788E-07      0.212070E+01      0.000000E+00      0.379155E-07      0.000000E+00
  2.3362      0.182197E-07      0.195330E+01      0.000000E+00      0.355887E-07      0.000000E+00
  2.3402      0.185210E-07      0.180646E+01      0.000000E+00      0.334574E-07      0.000000E+00
  2.3441      0.187819E-07      0.167579E+01      0.000000E+00      0.314745E-07      0.000000E+00
  2.3481      0.190020E-07      0.155910E+01      0.000000E+00      0.296261E-07      0.000000E+00
  2.3521      0.191811E-07      0.145586E+01      0.000000E+00      0.279251E-07      0.000000E+00
  2.3561      0.193192E-07      0.136330E+01      0.000000E+00      0.263380E-07      0.000000E+00
  2.3601      0.194164E-07      0.127952E+01      0.000000E+00      0.248437E-07      0.000000E+00
  2.3641      0.194729E-07      0.120465E+01      0.000000E+00      0.234579E-07      0.000000E+00
  2.3681      0.194891E-07      0.113700E+01      0.000000E+00      0.221591E-07      0.000000E+00
  2.3721      0.194658E-07      0.107472E+01      0.000000E+00      0.209203E-07      0.000000E+00
  2.3761      0.194035E-07      0.101813E+01      0.000000E+00      0.197553E-07      0.000000E+00
  2.3801      0.193032E-07      0.966506E+00      0.000000E+00      0.186567E-07      0.000000E+00
  2.3841      0.191660E-07      0.918972E+00      0.000000E+00      0.176130E-07      0.000000E+00
  2.3880      0.189928E-07      0.878087E+00      0.000000E+00      0.166774E-07      0.000000E+00
  2.3920      0.187851E-07      0.846025E+00      0.000000E+00      0.158926E-07      0.000000E+00
  2.3960      0.185440E-07      0.820819E+00      0.000000E+00      0.152213E-07      0.000000E+00
  2.4000      0.182711E-07      0.799259E+00      0.000000E+00      0.146034E-07      0.000000E+00
  2.4040      0.179679E-07      0.778390E+00      0.000000E+00      0.139860E-07      0.000000E+00
  2.4080      0.176360E-07      0.756123E+00      0.000000E+00      0.133350E-07      0.000000E+00
  2.4120      0.172770E-07      0.734228E+00      0.000000E+00      0.126853E-07      0.000000E+00
  2.4160      0.168928E-07      0.715841E+00      0.000000E+00      0.120926E-07      0.000000E+00
  2.4200      0.164851E-07      0.700572E+00      0.000000E+00      0.115490E-07      0.000000E+00
  2.4240      0.160557E-07      0.687217E+00      0.000000E+00      0.110338E-07      0.000000E+00
  2.4279      0.156066E-07      0.676160E+00      0.000000E+00      0.105525E-07      0.000000E+00
  2.4319      0.151395E-07      0.666549E+00      0.000000E+00      0.100912E-07      0.000000E+00
  2.4359      0.146565E-07      0.657834E+00      0.000000E+00      0.964155E-08      0.000000E+00
  2.4399      0.141595E-07      0.651647E+00      0.000000E+00      0.922698E-08      0.000000E+00
  2.4439      0.136503E-07      0.647555E+00      0.000000E+00      0.883935E-08      0.000000E+00
  2.4479      0.131310E-07      0.643778E+00      0.000000E+00      0.845347E-08      0.000000E+00
  2.4519      0.126035E-07      0.641665E+00      0.000000E+00      0.808721E-08      0.000000E+00
  2.4559      0.120696E-07      0.641979E+00      0.000000E+00      0.774841E-08      0.000000E+00
  2.4599      0.115312E-07      0.642958E+00      0.000000E+00      0.741407E-08      0.000000E+00
  2.4638      0.109902E-07      0.645567E+00      0.000000E+00      0.709490E-08      0.000000E+00
  2.4678      0.104483E-07      0.651175E+00      0.000000E+00      0.680370E-08      0.000000E+00
  2.4718      0.990743E-08      0.657601E+00      0.000000E+00      0.651514E-08      0.000000E+00
  2.4758      0.936918E-08      0.665061E+00      0.000000E+00      0.623107E-08      0.000000E+00
  2.4798      0.883524E-08      0.675995E+00      0.000000E+00      0.597258E-08      0.000000E+00
  2.4838      0.830721E-08      0.688591E+00      0.000000E+00      0.572027E-08      0.000000E+00
  2.4878      0.778663E-08      0.702181E+00      0.000000E+00      0.546763E-08      0.000000E+00
  2.4918      0.727497E-08      0.720141E+00      0.000000E+00      0.523901E-08      0.000000E+00
  2.4958      0.677363E-08      0.741230E+00      0.000000E+00      0.502082E-08      0.000000E+00
  2.4998      0.628393E-08      0.763371E+00      0.000000E+00      0.479697E-08      0.000000E+00
  2.5038      0.580713E-08      0.790790E+00      0.000000E+00      0.459222E-08      0.000000E+00
  2.5077      0.534438E-08      0.823753E+00      0.000000E+00      0.440245E-08      0.000000E+00
  2.5117      0.489678E-08      0.858604E+00      0.000000E+00      0.420440E-08      0.000000E+00
  2.5157      0.446533E-08      0.900169E+00      0.000000E+00      0.401956E-08      0.000000E+00
  2.5197      0.405095E-08      0.951537E+00      0.000000E+00      0.385463E-08      0.000000E+00
  2.5237      0.365446E-08      0.100752E+01      0.000000E+00      0.368195E-08      0.000000E+00
  2.5277      0.327662E-08      0.107320E+01      0.000000E+00      0.351647E-08      0.000000E+00
  2.5317      0.291806E-08      0.115704E+01      0.000000E+00      0.337632E-08      0.000000E+00
  2.5357      0.257937E-08      0.125321E+01      0.000000E+00      0.323249E-08      0.000000E+00
  2.5397      0.226103E-08      0.136668E+01      0.000000E+00      0.309011E-08      0.000000E+00
  2.5436      0.196342E-08      0.151831E+01      0.000000E+00      0.298108E-08      0.000000E+00
  2.5476      0.168686E-08      0.170879E+01      0.000000E+00      0.288249E-08      0.000000E+00
  2.5516      0.143156E-08      0.194601E+01      0.000000E+00      0.278583E-08      0.000000E+00
  2.5556      0.119767E-08      0.228789E+01      0.000000E+00      0.274013E-08      0.000000E+00
  2.5596      0.985238E-09      0.278338E+01      0.000000E+00      0.274229E-08      0.000000E+00
  2.5636      0.794250E-09      0.344283E+01      0.000000E+00      0.273446E-08      0.000000E+00
  2.5676      0.624602E-09      0.431765E+01      0.000000E+00      0.269681E-08      0.000000E+00
  2.5716      0.476119E-09      0.550262E+01      0.000000E+00      0.261990E-08      0.000000E+00
  2.5756      0.348552E-09      0.711711E+01      0.000000E+00      0.248069E-08      0.000000E+00
  2.5796      0.241585E-09      0.952862E+01      0.000000E+00      0.230198E-08      0.000000E+00
  2.5836      0.154833E-09      0.137596E+02      0.000000E+00      0.213044E-08      0.000000E+00
  2.5875      0.878475E-10      0.225373E+02      0.000000E+00      0.197985E-08      0.000000E+00
  2.5915      0.401209E-10      0.461810E+02      0.000000E+00      0.185282E-08      0.000000E+00
  2.5955      0.110883E-10      0.157620E+03      0.000000E+00      0.174774E-08      0.000000E+00
  2.5995      0.131795E-12      0.125138E+05      0.000000E+00      0.164926E-08      0.000000E+00
  2.6035      0.658416E-11      0.236992E+03      0.000000E+00      0.156039E-08      0.000000E+00
  2.6075      0.297324E-10      0.501267E+02      0.000000E+00      0.149039E-08      0.000000E+00
  2.6115      0.688217E-10      0.206884E+02      0.000000E+00      0.142381E-08      0.000000E+00
  2.6155      0.123059E-09      0.110314E+02      0.000000E+00      0.135752E-08      0.000000E+00
  2.6195      0.191619E-09      0.680763E+01      0.000000E+00      0.130447E-08      0.000000E+00
  2.6235      0.273643E-09      0.457443E+01      0.000000E+00      0.125176E-08      0.000000E+00
  2.6274      0.368249E-09      0.322901E+01      0.000000E+00      0.118908E-08      0.000000E+00
  2.6314      0.474533E-09      0.237658E+01      0.000000E+00      0.112776E-08      0.000000E+00
  2.6354      0.591571E-09      0.178876E+01      0.000000E+00      0.105818E-08      0.000000E+00
  2.6394      0.718427E-09      0.135224E+01      0.000000E+00      0.971486E-09      0.000000E+00
  2.6434      0.854151E-09      0.104319E+01      0.000000E+00      0.891043E-09      0.000000E+00
  2.6474      0.997791E-09      0.821730E+00      0.000000E+00      0.819915E-09      0.000000E+00
  2.6514      0.114839E-08      0.646648E+00      0.000000E+00      0.742603E-09      0.000000E+00
  2.6554      0.130499E-08      0.518829E+00      0.000000E+00      0.677066E-09      0.000000E+00
  2.6594      0.146664E-08      0.431276E+00      0.000000E+00      0.632526E-09      0.000000E+00
  2.6634      0.163239E-08      0.358239E+00      0.000000E+00      0.584786E-09      0.000000E+00
  2.6673      0.180132E-08      0.298977E+00      0.000000E+00      0.538553E-09      0.000000E+00
  2.6713      0.197250E-08      0.259180E+00      0.000000E+00      0.511232E-09      0.000000E+00
  2.6753      0.214503E-08      0.225495E+00      0.000000E+00      0.483693E-09      0.000000E+00
  2.6793      0.231803E-08      0.194309E+00      0.000000E+00      0.450414E-09      0.000000E+00
  2.6833      0.249064E-08      0.173425E+00      0.000000E+00      0.431941E-09      0.000000E+00
  2.6873      0.266204E-08      0.156948E+00      0.000000E+00      0.417802E-09      0.000000E+00
  2.6913      0.283141E-08      0.139374E+00      0.000000E+00      0.394624E-09      0.000000E+00
  2.6953      0.299797E-08      0.126811E+00      0.000000E+00      0.380177E-09      0.000000E+00
  2.6993      0.316100E-08      0.117830E+00      0.000000E+00      0.372461E-09      0.000000E+00
  2.7033      0.331979E-08      0.106745E+00      0.000000E+00      0.354370E-09      0.000000E+00
  2.7072      0.347365E-08      0.974481E-01      0.000000E+00      0.338501E-09      0.000000E+00
  2.7112      0.362196E-08      0.912554E-01      0.000000E+00      0.330524E-09      0.000000E+00
  2.7152      0.376413E-08      0.836206E-01      0.000000E+00      0.314759E-09      0.000000E+00
  2.7192      0.389961E-08      0.768154E-01      0.000000E+00      0.299550E-09      0.000000E+00
  2.7232      0.402787E-08      0.733620E-01      0.000000E+00      0.295493E-09      0.000000E+00
  2.7272      0.414846E-08      0.691950E-01      0.000000E+00      0.287053E-09      0.000000E+00
  2.7312      0.426095E-08      0.645809E-01      0.000000E+00      0.275176E-09      0.000000E+00
  2.7352      0.436495E-08      0.626678E-01      0.000000E+00      0.273542E-09      0.000000E+00
  2.7392      0.446014E-08      0.606296E-01      0.000000E+00      0.270416E-09      0.000000E+00
  2.7431      0.454620E-08      0.573661E-01      0.000000E+00      0.260798E-09      0.000000E+00
  2.7471      0.462291E-08      0.561278E-01      0.000000E+00      0.259474E-09      0.000000E+00
  2.7511      0.469004E-08      0.554518E-01      0.000000E+00      0.260071E-09      0.000000E+00
  2.7551      0.474745E-08      0.532224E-01      0.000000E+00      0.252671E-09      0.000000E+00
  2.7591      0.479500E-08      0.522272E-01      0.000000E+00      0.250430E-09      0.000000E+00
  2.7631      0.483263E-08      0.523027E-01      0.000000E+00      0.252760E-09      0.000000E+00
  2.7671      0.486031E-08      0.507573E-01      0.000000E+00      0.246696E-09      0.000000E+00
  2.7711      0.487804E-08      0.496196E-01      0.000000E+00      0.242046E-09      0.000000E+00
  2.7751      0.488586E-08      0.501130E-01      0.000000E+00      0.244845E-09      0.000000E+00
  2.7791      0.488387E-08      0.498800E-01      0.000000E+00      0.243608E-09      0.000000E+00
  2.7831      0.487220E-08      0.506058E-01      0.000000E+00      0.246561E-09      0.000000E+00
  2.7870      0.485099E-08      0.549777E-01      0.000000E+00      0.266696E-09      0.000000E+00
  2.7910      0.482044E-08      0.600587E-01      0.000000E+00      0.289510E-09      0.000000E+00
  2.7950      0.478079E-08      0.636545E-01      0.000000E+00      0.304319E-09      0.000000E+00
  2.7990      0.473229E-08      0.670755E-01      0.000000E+00      0.317421E-09      0.000000E+00
  2.8030      0.467523E-08      0.694119E-01      0.000000E+00      0.324517E-09      0.000000E+00
  2.8070      0.460994E-08      0.700900E-01      0.000000E+00      0.323111E-09      0.000000E+00
  2.8110      0.453674E-08      0.716694E-01      0.000000E+00      0.325146E-09      0.000000E+00
  2.8150      0.445601E-08      0.740939E-01      0.000000E+00      0.330163E-09      0.000000E+00
  2.8190      0.436814E-08      0.758068E-01      0.000000E+00      0.331135E-09      0.000000E+00
  2.8230      0.427354E-08      0.787518E-01      0.000000E+00      0.336549E-09      0.000000E+00
  2.8269      0.417264E-08      0.834659E-01      0.000000E+00      0.348273E-09      0.000000E+00
  2.8309      0.406587E-08      0.873489E-01      0.000000E+00      0.355149E-09      0.000000E+00
  2.8349      0.395370E-08      0.910212E-01      0.000000E+00      0.359870E-09      0.000000E+00
  2.8389      0.383659E-08      0.961223E-01      0.000000E+00      0.368782E-09      0.000000E+00
  2.8429      0.371503E-08      0.100901E+00      0.000000E+00      0.374850E-09      0.000000E+00
  2.8469      0.358950E-08      0.105422E+00      0.000000E+00      0.378414E-09      0.000000E+00
  2.8509      0.346049E-08      0.111804E+00      0.000000E+00      0.386897E-09      0.000000E+00
  2.8549      0.332850E-08      0.118468E+00      0.000000E+00      0.394322E-09      0.000000E+00
  2.8589      0.319402E-08      0.124246E+00      0.000000E+00      0.396845E-09      0.000000E+00
  2.8629      0.305755E-08      0.131674E+00      0.000000E+00      0.402601E-09      0.000000E+00
  2.8668      0.291960E-08      0.140388E+00      0.000000E+00      0.409877E-09      0.000000E+00
  2.8708      0.278064E-08      0.148296E+00      0.000000E+00      0.412356E-09      0.000000E+00
  2.8748      0.264116E-08      0.157591E+00      0.000000E+00      0.416223E-09      0.000000E+00
  2.8788      0.250164E-08      0.169128E+00      0.000000E+00      0.423098E-09      0.000000E+00
  2.8828      0.236255E-08      0.180111E+00      0.000000E+00      0.425521E-09      0.000000E+00
  2.8868      0.222435E-08      0.191952E+00      0.000000E+00      0.426967E-09      0.000000E+00
  2.8908      0.208747E-08      0.207120E+00      0.000000E+00      0.432356E-09      0.000000E+00
  2.8948      0.195235E-08      0.222823E+00      0.000000E+00      0.435029E-09      0.000000E+00
  2.8988      0.181941E-08      0.239110E+00      0.000000E+00      0.435039E-09      0.000000E+00
  2.9028      0.168904E-08      0.259884E+00      0.000000E+00      0.438956E-09      0.000000E+00
  2.9067      0.156163E-08      0.282998E+00      0.000000E+00      0.441937E-09      0.000000E+00
  2.9107      0.143753E-08      0.306596E+00      0.000000E+00      0.440742E-09      0.000000E+00
  2.9147      0.131710E-08      0.335904E+00      0.000000E+00      0.442418E-09      0.000000E+00
  2.9187      0.120064E-08      0.370767E+00      0.000000E+00      0.445159E-09      0.000000E+00
  2.9227      0.108847E-08      0.407192E+00      0.000000E+00      0.443217E-09      0.000000E+00
  2.9267      0.980862E-09      0.451175E+00      0.000000E+00      0.442541E-09      0.000000E+00
  2.9307      0.878071E-09      0.506403E+00      0.000000E+00      0.444657E-09      0.000000E+00
  2.9347      0.780329E-09      0.567131E+00      0.000000E+00      0.442549E-09      0.000000E+00
  2.9387      0.687847E-09      0.639424E+00      0.000000E+00      0.439825E-09      0.000000E+00
  2.9426      0.600808E-09      0.733994E+00      0.000000E+00      0.440990E-09      0.000000E+00
  2.9466      0.519375E-09      0.845504E+00      0.000000E+00      0.439133E-09      0.000000E+00
  2.9506      0.443682E-09      0.979866E+00      0.000000E+00      0.434749E-09      0.000000E+00
  2.9546      0.373844E-09      0.116217E+01      0.000000E+00      0.434469E-09      0.000000E+00
  2.9586      0.309947E-09      0.139697E+01      0.000000E+00      0.432987E-09      0.000000E+00
  2.9626      0.252055E-09      0.169688E+01      0.000000E+00      0.427708E-09      0.000000E+00
  2.9666      0.200209E-09      0.212875E+01      0.000000E+00      0.426196E-09      0.000000E+00
  2.9706      0.154425E-09      0.275469E+01      0.000000E+00      0.425393E-09      0.000000E+00
  2.9746      0.114697E-09      0.365588E+01      0.000000E+00      0.419319E-09      0.000000E+00
  2.9786      0.809963E-10      0.512404E+01      0.000000E+00      0.415028E-09      0.000000E+00
  2.9826      0.532710E-10      0.776190E+01      0.000000E+00      0.413485E-09      0.000000E+00
  2.9865      0.314493E-10      0.129542E+02      0.000000E+00      0.407400E-09      0.000000E+00
  2.9905      0.154380E-10      0.260178E+02      0.000000E+00      0.401662E-09      0.000000E+00
  2.9945      0.512425E-11      0.780639E+02      0.000000E+00      0.400019E-09      0.000000E+00
  2.9985      0.376135E-12      0.104903E+04      0.000000E+00      0.394577E-09      0.000000E+00
  3.0025      0.104354E-11      0.371288E+03      0.000000E+00      0.387454E-09      0.000000E+00
  3.0065      0.695914E-11      0.553369E+02      0.000000E+00      0.385097E-09      0.000000E+00
  3.0105      0.179394E-10      0.212093E+02      0.000000E+00      0.380481E-09      0.000000E+00
  3.0145      0.337854E-10      0.110219E+02      0.000000E+00      0.372378E-09      0.000000E+00
  3.0185      0.542844E-10      0.679557E+01      0.000000E+00      0.368893E-09      0.000000E+00
  3.0225      0.792102E-10      0.461029E+01      0.000000E+00      0.365182E-09      0.000000E+00
  3.0264      0.108325E-09      0.329344E+01      0.000000E+00      0.356762E-09      0.000000E+00
  3.0304      0.141380E-09      0.248949E+01      0.000000E+00      0.351964E-09      0.000000E+00
  3.0344      0.178117E-09      0.195911E+01      0.000000E+00      0.348951E-09      0.000000E+00
  3.0384      0.218269E-09      0.156093E+01      0.000000E+00      0.340701E-09      0.000000E+00
  3.0424      0.261562E-09      0.127909E+01      0.000000E+00      0.334561E-09      0.000000E+00
  3.0464      0.307715E-09      0.107939E+01      0.000000E+00      0.332144E-09      0.000000E+00
  3.0504      0.356444E-09      0.911352E+00      0.000000E+00      0.324846E-09      0.000000E+00
  3.0544      0.407460E-09      0.779687E+00      0.000000E+00      0.317691E-09      0.000000E+00
  3.0584      0.460471E-09      0.685276E+00      0.000000E+00      0.315550E-09      0.000000E+00
  3.0624      0.515185E-09      0.600832E+00      0.000000E+00      0.309539E-09      0.000000E+00
  3.0663      0.571308E-09      0.527812E+00      0.000000E+00      0.301543E-09      0.000000E+00
  3.0703      0.628549E-09      0.475988E+00      0.000000E+00      0.299182E-09      0.000000E+00
  3.0743      0.686617E-09      0.429382E+00      0.000000E+00      0.294821E-09      0.000000E+00
  3.0783      0.745225E-09      0.384847E+00      0.000000E+00      0.286798E-09      0.000000E+00
  3.0823      0.804090E-09      0.353429E+00      0.000000E+00      0.284189E-09      0.000000E+00
  3.0863      0.862934E-09      0.326303E+00      0.000000E+00      0.281578E-09      0.000000E+00
  3.0903      0.921486E-09      0.297221E+00      0.000000E+00      0.273885E-09      0.000000E+00
  3.0943      0.979479E-09      0.276264E+00      0.000000E+00      0.270595E-09      0.000000E+00
  3.0983      0.103666E-08      0.260103E+00      0.000000E+00      0.269637E-09      0.000000E+00
  3.1023      0.109277E-08      0.240777E+00      0.000000E+00      0.263114E-09      0.000000E+00
  3.1062      0.114758E-08      0.225974E+00      0.000000E+00      0.259324E-09      0.000000E+00
  3.1102      0.120086E-08      0.216450E+00      0.000000E+00      0.259926E-09      0.000000E+00
  3.1142      0.125239E-08      0.203952E+00      0.000000E+00      0.255427E-09      0.000000E+00
  3.1182      0.130196E-08      0.193361E+00      0.000000E+00      0.251748E-09      0.000000E+00
  3.1222      0.134938E-08      0.188166E+00      0.000000E+00      0.253907E-09      0.000000E+00
  3.1262      0.139447E-08      0.180622E+00      0.000000E+00      0.251871E-09      0.000000E+00
  3.1302      0.143705E-08      0.172913E+00      0.000000E+00      0.248484E-09      0.000000E+00
  3.1342      0.147697E-08      0.170596E+00      0.000000E+00      0.251966E-09      0.000000E+00
  3.1382      0.151409E-08      0.167218E+00      0.000000E+00      0.253183E-09      0.000000E+00
  3.1421      0.154828E-08      0.162246E+00      0.000000E+00      0.251203E-09      0.000000E+00
  3.1461      0.157943E-08      0.162331E+00      0.000000E+00      0.256391E-09      0.000000E+00
  3.1501      0.160744E-08      0.162791E+00      0.000000E+00      0.261677E-09      0.000000E+00
  3.1541      0.163222E-08      0.160653E+00      0.000000E+00      0.262220E-09      0.000000E+00
  3.1581      0.165370E-08      0.163017E+00      0.000000E+00      0.269580E-09      0.000000E+00
  3.1621      0.167182E-08      0.167478E+00      0.000000E+00      0.279992E-09      0.000000E+00
  3.1661      0.168655E-08      0.168903E+00      0.000000E+00      0.284862E-09      0.000000E+00
  3.1701      0.169785E-08      0.174104E+00      0.000000E+00      0.295603E-09      0.000000E+00
  3.1741      0.170572E-08      0.183345E+00      0.000000E+00      0.312735E-09      0.000000E+00
  3.1781      0.171015E-08      0.189641E+00      0.000000E+00      0.324313E-09      0.000000E+00
  3.1821      0.171116E-08      0.198808E+00      0.000000E+00      0.340192E-09      0.000000E+00
  3.1860      0.170877E-08      0.214518E+00      0.000000E+00      0.366562E-09      0.000000E+00
  3.1900      0.170304E-08      0.228634E+00      0.000000E+00      0.389371E-09      0.000000E+00
  3.1940      0.169400E-08      0.244861E+00      0.000000E+00      0.414795E-09      0.000000E+00
  3.1980      0.168173E-08      0.270619E+00      0.000000E+00      0.455107E-09      0.000000E+00
  3.2020      0.166630E-08      0.297388E+00      0.000000E+00      0.495538E-09      0.000000E+00
  3.2060      0.164781E-08      0.325370E+00      0.000000E+00      0.536147E-09      0.000000E+00
  3.2100      0.162635E-08      0.366722E+00      0.000000E+00      0.596417E-09      0.000000E+00
  3.2140      0.160202E-08      0.414793E+00      0.000000E+00      0.664508E-09      0.000000E+00
  3.2180      0.157496E-08      0.463392E+00      0.000000E+00      0.729825E-09      0.000000E+00
  3.2220      0.154529E-08      0.528154E+00      0.000000E+00      0.816148E-09      0.000000E+00
  3.2259      0.151313E-08      0.608155E+00      0.000000E+00      0.920218E-09      0.000000E+00
  3.2299      0.147864E-08      0.686990E+00      0.000000E+00      0.101581E-08      0.000000E+00
  3.2339      0.144197E-08      0.776206E+00      0.000000E+00      0.111926E-08      0.000000E+00
  3.2379      0.140326E-08      0.884331E+00      0.000000E+00      0.124095E-08      0.000000E+00
  3.2419      0.136269E-08      0.983840E+00      0.000000E+00      0.134067E-08      0.000000E+00
  3.2459      0.132042E-08      0.106560E+01      0.000000E+00      0.140704E-08      0.000000E+00
  3.2499      0.127661E-08      0.114670E+01      0.000000E+00      0.146390E-08      0.000000E+00
  3.2539      0.123145E-08      0.120883E+01      0.000000E+00      0.148860E-08      0.000000E+00
  3.2579      0.118510E-08      0.122543E+01      0.000000E+00      0.145225E-08      0.000000E+00
  3.2619      0.113774E-08      0.121759E+01      0.000000E+00      0.138530E-08      0.000000E+00
  3.2658      0.108956E-08      0.120236E+01      0.000000E+00      0.131004E-08      0.000000E+00
  3.2698      0.104072E-08      0.116113E+01      0.000000E+00      0.120841E-08      0.000000E+00
  3.2738      0.991413E-09      0.110041E+01      0.000000E+00      0.109096E-08      0.000000E+00
  3.2778      0.941811E-09      0.104904E+01      0.000000E+00      0.987997E-09      0.000000E+00
  3.2818      0.892090E-09      0.100159E+01      0.000000E+00      0.893508E-09      0.000000E+00
  3.2858      0.842423E-09      0.946863E+00      0.000000E+00      0.797659E-09      0.000000E+00
  3.2898      0.792979E-09      0.902490E+00      0.000000E+00      0.715656E-09      0.000000E+00
  3.2938      0.743925E-09      0.872703E+00      0.000000E+00      0.649225E-09      0.000000E+00
  3.2978      0.695424E-09      0.842304E+00      0.000000E+00      0.585758E-09      0.000000E+00
  3.3018      0.647632E-09      0.817308E+00      0.000000E+00      0.529315E-09      0.000000E+00
  3.3057      0.600703E-09      0.807697E+00      0.000000E+00      0.485186E-09      0.000000E+00
  3.3097      0.554782E-09      0.802710E+00      0.000000E+00      0.445329E-09      0.000000E+00
  3.3137      0.510009E-09      0.800340E+00      0.000000E+00      0.408181E-09      0.000000E+00
  3.3177      0.466520E-09      0.811142E+00      0.000000E+00      0.378414E-09      0.000000E+00
  3.3217      0.424439E-09      0.831008E+00      0.000000E+00      0.352712E-09      0.000000E+00
  3.3257      0.383886E-09      0.855112E+00      0.000000E+00      0.328265E-09      0.000000E+00
  3.3297      0.344972E-09      0.892459E+00      0.000000E+00      0.307873E-09      0.000000E+00
  3.3337      0.307801E-09      0.944523E+00      0.000000E+00      0.290725E-09      0.000000E+00
  3.3377      0.272467E-09      0.100719E+01      0.000000E+00      0.274427E-09      0.000000E+00
  3.3417      0.239057E-09      0.108856E+01      0.000000E+00      0.260228E-09      0.000000E+00
  3.3456      0.207649E-09      0.119580E+01      0.000000E+00      0.248306E-09      0.000000E+00
  3.3496      0.178311E-09      0.133018E+01      0.000000E+00      0.237185E-09      0.000000E+00
  3.3536      0.151103E-09      0.150393E+01      0.000000E+00      0.227249E-09      0.000000E+00
  3.3576      0.126076E-09      0.173509E+01      0.000000E+00      0.218754E-09      0.000000E+00
  3.3616      0.103272E-09      0.204270E+01      0.000000E+00      0.210953E-09      0.000000E+00
  3.3656      0.827214E-10      0.246580E+01      0.000000E+00      0.203974E-09      0.000000E+00
  3.3696      0.644493E-10      0.306991E+01      0.000000E+00      0.197854E-09      0.000000E+00
  3.3736      0.484694E-10      0.396526E+01      0.000000E+00      0.192193E-09      0.000000E+00
  3.3776      0.347870E-10      0.538159E+01      0.000000E+00      0.187210E-09      0.000000E+00
  3.3816      0.233987E-10      0.781106E+01      0.000000E+00      0.182769E-09      0.000000E+00
  3.3855      0.142922E-10      0.124895E+02      0.000000E+00      0.178503E-09      0.000000E+00
  3.3895      0.744690E-11      0.234773E+02      0.000000E+00      0.174833E-09      0.000000E+00
  3.3935      0.283385E-11      0.605890E+02      0.000000E+00      0.171700E-09      0.000000E+00
  3.3975      0.416132E-12      0.405119E+03      0.000000E+00      0.168583E-09      0.000000E+00
  3.4015      0.149099E-12      0.111279E+04      0.000000E+00      0.165916E-09      0.000000E+00
  3.4055      0.198065E-11      0.826744E+02      0.000000E+00      0.163749E-09      0.000000E+00
  3.4095      0.585159E-11      0.275722E+02      0.000000E+00      0.161341E-09      0.000000E+00
  3.4135      0.116959E-10      0.136028E+02      0.000000E+00      0.159098E-09      0.000000E+00
  3.4175      0.194413E-10      0.810136E+01      0.000000E+00      0.157501E-09      0.000000E+00
  3.4215      0.290093E-10      0.536894E+01      0.000000E+00      0.155749E-09      0.000000E+00
  3.4254      0.403159E-10      0.381679E+01      0.000000E+00      0.153877E-09      0.000000E+00
  3.4294      0.532718E-10      0.286509E+01      0.000000E+00      0.152629E-09      0.000000E+00
  3.4334      0.677831E-10      0.223308E+01      0.000000E+00      0.151365E-09      0.000000E+00
  3.4374      0.837514E-10      0.178805E+01      0.000000E+00      0.149752E-09      0.000000E+00
  3.4414      0.101074E-09      0.147099E+01      0.000000E+00      0.148679E-09      0.000000E+00
  3.4454      0.119646E-09      0.123545E+01      0.000000E+00      0.147817E-09      0.000000E+00
  3.4494      0.139359E-09      0.105084E+01      0.000000E+00      0.146444E-09      0.000000E+00
  3.4534      0.160101E-09      0.908115E+00      0.000000E+00      0.145390E-09      0.000000E+00
  3.4574      0.181758E-09      0.796540E+00      0.000000E+00      0.144778E-09      0.000000E+00
  3.4614      0.204217E-09      0.703431E+00      0.000000E+00      0.143653E-09      0.000000E+00
  3.4653      0.227361E-09      0.627160E+00      0.000000E+00      0.142592E-09      0.000000E+00
  3.4693      0.251074E-09      0.566187E+00      0.000000E+00      0.142155E-09      0.000000E+00
  3.4733      0.275239E-09      0.513385E+00      0.000000E+00      0.141304E-09      0.000000E+00
  3.4773      0.299740E-09      0.467765E+00      0.000000E+00      0.140208E-09      0.000000E+00
  3.4813      0.324460E-09      0.430903E+00      0.000000E+00      0.139811E-09      0.000000E+00
  3.4853      0.349286E-09      0.398420E+00      0.000000E+00      0.139162E-09      0.000000E+00
  3.4893      0.374104E-09      0.368558E+00      0.000000E+00      0.137879E-09      0.000000E+00
  3.4933      0.398803E-09      0.344128E+00      0.000000E+00      0.137239E-09      0.000000E+00
  3.4973      0.423274E-09      0.323198E+00      0.000000E+00      0.136801E-09      0.000000E+00
  3.5013      0.447412E-09      0.303110E+00      0.000000E+00      0.135615E-09      0.000000E+00
  3.5052      0.471113E-09      0.286041E+00      0.000000E+00      0.134758E-09      0.000000E+00
  3.5092      0.494278E-09      0.271671E+00      0.000000E+00      0.134281E-09      0.000000E+00
  3.5132      0.516812E-09      0.257385E+00      0.000000E+00      0.133020E-09      0.000000E+00
  3.5172      0.538623E-09      0.244923E+00      0.000000E+00      0.131921E-09      0.000000E+00
  3.5212      0.559624E-09      0.235090E+00      0.000000E+00      0.131562E-09      0.000000E+00
  3.5252      0.579733E-09      0.225027E+00      0.000000E+00      0.130455E-09      0.000000E+00
  3.5292      0.598872E-09      0.215438E+00      0.000000E+00      0.129019E-09      0.000000E+00
  3.5332      0.616967E-09      0.208206E+00      0.000000E+00      0.128456E-09      0.000000E+00
  3.5372      0.633954E-09      0.201068E+00      0.000000E+00      0.127468E-09      0.000000E+00
  3.5412      0.649768E-09      0.193708E+00      0.000000E+00      0.125865E-09      0.000000E+00
  3.5451      0.664356E-09      0.188419E+00      0.000000E+00      0.125177E-09      0.000000E+00
  3.5491      0.677665E-09      0.183572E+00      0.000000E+00      0.124400E-09      0.000000E+00
  3.5531      0.689653E-09      0.177834E+00      0.000000E+00      0.122644E-09      0.000000E+00
  3.5571      0.700280E-09      0.173631E+00      0.000000E+00      0.121590E-09      0.000000E+00
  3.5611      0.709513E-09      0.170399E+00      0.000000E+00      0.120900E-09      0.000000E+00
  3.5651      0.717328E-09      0.166125E+00      0.000000E+00      0.119166E-09      0.000000E+00
  3.5691      0.723702E-09      0.162878E+00      0.000000E+00      0.117875E-09      0.000000E+00
  3.5731      0.728622E-09      0.161021E+00      0.000000E+00      0.117323E-09      0.000000E+00
  3.5771      0.732079E-09      0.157993E+00      0.000000E+00      0.115663E-09      0.000000E+00
  3.5811      0.734072E-09      0.155205E+00      0.000000E+00      0.113932E-09      0.000000E+00
  3.5850      0.734602E-09      0.154151E+00      0.000000E+00      0.113240E-09      0.000000E+00
  3.5890      0.733680E-09      0.152345E+00      0.000000E+00      0.111773E-09      0.000000E+00
  3.5930      0.731321E-09      0.150268E+00      0.000000E+00      0.109894E-09      0.000000E+00
  3.5970      0.727543E-09      0.150059E+00      0.000000E+00      0.109174E-09      0.000000E+00
  3.6010      0.722373E-09      0.149410E+00      0.000000E+00      0.107930E-09      0.000000E+00
  3.6050      0.715842E-09      0.147804E+00      0.000000E+00      0.105804E-09      0.000000E+00
  3.6090      0.707985E-09      0.148071E+00      0.000000E+00      0.104832E-09      0.000000E+00
  3.6130      0.698843E-09      0.148592E+00      0.000000E+00      0.103842E-09      0.000000E+00
  3.6170      0.688459E-09      0.147674E+00      0.000000E+00      0.101668E-09      0.000000E+00
  3.6210      0.676884E-09      0.148356E+00      0.000000E+00      0.100420E-09      0.000000E+00
  3.6249      0.664170E-09      0.150061E+00      0.000000E+00      0.996661E-10      0.000000E+00
  3.6289      0.650374E-09      0.150022E+00      0.000000E+00      0.975706E-10      0.000000E+00
  3.6329      0.635556E-09      0.151026E+00      0.000000E+00      0.959857E-10      0.000000E+00
  3.6369      0.619779E-09      0.153904E+00      0.000000E+00      0.953866E-10      0.000000E+00
  3.6409      0.603111E-09      0.155149E+00      0.000000E+00      0.935717E-10      0.000000E+00
  3.6449      0.585619E-09      0.156688E+00      0.000000E+00      0.917594E-10      0.000000E+00
  3.6489      0.567374E-09      0.160749E+00      0.000000E+00      0.912050E-10      0.000000E+00
  3.6529      0.548450E-09      0.163487E+00      0.000000E+00      0.896643E-10      0.000000E+00
  3.6569      0.528922E-09      0.165498E+00      0.000000E+00      0.875357E-10      0.000000E+00
  3.6609      0.508865E-09      0.170427E+00      0.000000E+00      0.867243E-10      0.000000E+00
  3.6648      0.488356E-09      0.174896E+00      0.000000E+00      0.854116E-10      0.000000E+00
  3.6688      0.467473E-09      0.177985E+00      0.000000E+00      0.832031E-10      0.000000E+00
  3.6728      0.446295E-09      0.184311E+00      0.000000E+00      0.822571E-10      0.000000E+00
  3.6768      0.424899E-09      0.191186E+00      0.000000E+00      0.812349E-10      0.000000E+00
  3.6808      0.403363E-09      0.195821E+00      0.000000E+00      0.789870E-10      0.000000E+00
  3.6848      0.381765E-09      0.203758E+00      0.000000E+00      0.777878E-10      0.000000E+00
  3.6888      0.360182E-09      0.213964E+00      0.000000E+00      0.770661E-10      0.000000E+00
  3.6928      0.338689E-09      0.221542E+00      0.000000E+00      0.750338E-10      0.000000E+00
  3.6968      0.317360E-09      0.232156E+00      0.000000E+00      0.736769E-10      0.000000E+00
  3.7008      0.296267E-09      0.246988E+00      0.000000E+00      0.731744E-10      0.000000E+00
  3.7047      0.275482E-09      0.258786E+00      0.000000E+00      0.712911E-10      0.000000E+00
  3.7087      0.255073E-09      0.272712E+00      0.000000E+00      0.695615E-10      0.000000E+00
  3.7127      0.235106E-09      0.293952E+00      0.000000E+00      0.691097E-10      0.000000E+00
  3.7167      0.215643E-09      0.313769E+00      0.000000E+00      0.676623E-10      0.000000E+00
  3.7207      0.196748E-09      0.335260E+00      0.000000E+00      0.659616E-10      0.000000E+00
  3.7247      0.178475E-09      0.367761E+00      0.000000E+00      0.656362E-10      0.000000E+00
  3.7287      0.160881E-09      0.400744E+00      0.000000E+00      0.644722E-10      0.000000E+00
  3.7327      0.144016E-09      0.433565E+00      0.000000E+00      0.624405E-10      0.000000E+00
  3.7367      0.127929E-09      0.483590E+00      0.000000E+00      0.618650E-10      0.000000E+00
  3.7407      0.112662E-09      0.542984E+00      0.000000E+00      0.611735E-10      0.000000E+00
  3.7446      0.982560E-10      0.604728E+00      0.000000E+00      0.594181E-10      0.000000E+00
  3.7486      0.847478E-10      0.694720E+00      0.000000E+00      0.588760E-10      0.000000E+00
  3.7526      0.721695E-10      0.810795E+00      0.000000E+00      0.585146E-10      0.000000E+00
  3.7566      0.605496E-10      0.935603E+00      0.000000E+00      0.566504E-10      0.000000E+00
  3.7606      0.499124E-10      0.111450E+01      0.000000E+00      0.556272E-10      0.000000E+00
  3.7646      0.402781E-10      0.137956E+01      0.000000E+00      0.555659E-10      0.000000E+00
  3.7686      0.316628E-10      0.171593E+01      0.000000E+00      0.543313E-10      0.000000E+00
  3.7726      0.240786E-10      0.222177E+01      0.000000E+00      0.534970E-10      0.000000E+00
  3.7766      0.175332E-10      0.305890E+01      0.000000E+00      0.536323E-10      0.000000E+00
  3.7806      0.120304E-10      0.434154E+01      0.000000E+00      0.522306E-10      0.000000E+00
  3.7845      0.757002E-11      0.667995E+01      0.000000E+00      0.505674E-10      0.000000E+00
  3.7885      0.414766E-11      0.122583E+02      0.000000E+00      0.508435E-10      0.000000E+00
  3.7925      0.175517E-11      0.290108E+02      0.000000E+00      0.509189E-10      0.000000E+00
  3.7965      0.380510E-12      0.131224E+03      0.000000E+00      0.499320E-10      0.000000E+00
  3.8005      0.791223E-14      0.623346E+04      0.000000E+00      0.493205E-10      0.000000E+00
  3.8045      0.617988E-12      0.782604E+02      0.000000E+00      0.483640E-10      0.000000E+00
  3.8085      0.218785E-11      0.216777E+02      0.000000E+00      0.474276E-10      0.000000E+00
  3.8125      0.469126E-11      0.102525E+02      0.000000E+00      0.480973E-10      0.000000E+00
  3.8165      0.809875E-11      0.595910E+01      0.000000E+00      0.482613E-10      0.000000E+00
  3.8205      0.123778E-10      0.377552E+01      0.000000E+00      0.467327E-10      0.000000E+00
  3.8244      0.174931E-10      0.264459E+01      0.000000E+00      0.462619E-10      0.000000E+00
  3.8284      0.234064E-10      0.199253E+01      0.000000E+00      0.466378E-10      0.000000E+00
  3.8324      0.300771E-10      0.152578E+01      0.000000E+00      0.458912E-10      0.000000E+00
  3.8364      0.374623E-10      0.121917E+01      0.000000E+00      0.456729E-10      0.000000E+00
  3.8404      0.455169E-10      0.101648E+01      0.000000E+00      0.462671E-10      0.000000E+00
  3.8444      0.541938E-10      0.840384E+00      0.000000E+00      0.455436E-10      0.000000E+00
  3.8484      0.634444E-10      0.706693E+00      0.000000E+00      0.448357E-10      0.000000E+00
  3.8524      0.732182E-10      0.620481E+00      0.000000E+00      0.454304E-10      0.000000E+00
  3.8564      0.834637E-10      0.542717E+00      0.000000E+00      0.452971E-10      0.000000E+00
  3.8604      0.941284E-10      0.475727E+00      0.000000E+00      0.447794E-10      0.000000E+00
  3.8643      0.105159E-09      0.431640E+00      0.000000E+00      0.453907E-10      0.000000E+00
  3.8683      0.116500E-09      0.389773E+00      0.000000E+00      0.454087E-10      0.000000E+00
  3.8723      0.128099E-09      0.348474E+00      0.000000E+00      0.446391E-10      0.000000E+00
  3.8763      0.139899E-09      0.321849E+00      0.000000E+00      0.450265E-10      0.000000E+00
  3.8803      0.151847E-09      0.299049E+00      0.000000E+00      0.454098E-10      0.000000E+00
  3.8843      0.163888E-09      0.273812E+00      0.000000E+00      0.448745E-10      0.000000E+00
  3.8883      0.175967E-09      0.257061E+00      0.000000E+00      0.452344E-10      0.000000E+00
  3.8923      0.188032E-09      0.243909E+00      0.000000E+00      0.458625E-10      0.000000E+00
  3.8963      0.200028E-09      0.226708E+00      0.000000E+00      0.453481E-10      0.000000E+00
  3.9003      0.211906E-09      0.214070E+00      0.000000E+00      0.453627E-10      0.000000E+00
  3.9042      0.223614E-09      0.206161E+00      0.000000E+00      0.461005E-10      0.000000E+00
  3.9082      0.235103E-09      0.195399E+00      0.000000E+00      0.459389E-10      0.000000E+00
  3.9122      0.246325E-09      0.186684E+00      0.000000E+00      0.459850E-10      0.000000E+00
  3.9162      0.257236E-09      0.182143E+00      0.000000E+00      0.468536E-10      0.000000E+00
  3.9202      0.267791E-09      0.174940E+00      0.000000E+00      0.468473E-10      0.000000E+00
  3.9242      0.277947E-09      0.167779E+00      0.000000E+00      0.466338E-10      0.000000E+00
  3.9282      0.287667E-09      0.164863E+00      0.000000E+00      0.474257E-10      0.000000E+00
  3.9322      0.296910E-09      0.160768E+00      0.000000E+00      0.477336E-10      0.000000E+00
  3.9362      0.305644E-09      0.155521E+00      0.000000E+00      0.475340E-10      0.000000E+00
  3.9402      0.313835E-09      0.153640E+00      0.000000E+00      0.482176E-10      0.000000E+00
  3.9441      0.321453E-09      0.151395E+00      0.000000E+00      0.486664E-10      0.000000E+00
  3.9481      0.328471E-09      0.147294E+00      0.000000E+00      0.483817E-10      0.000000E+00
  3.9521      0.334864E-09      0.146012E+00      0.000000E+00      0.488940E-10      0.000000E+00
  3.9561      0.340610E-09      0.145642E+00      0.000000E+00      0.496073E-10      0.000000E+00
  3.9601      0.345691E-09      0.143292E+00      0.000000E+00      0.495349E-10      0.000000E+00
  3.9641      0.350091E-09      0.142682E+00      0.000000E+00      0.499516E-10      0.000000E+00
  3.9681      0.353796E-09      0.143450E+00      0.000000E+00      0.507521E-10      0.000000E+00
  3.9721      0.356795E-09      0.142238E+00      0.000000E+00      0.507499E-10      0.000000E+00
  3.9761      0.359083E-09      0.141940E+00      0.000000E+00      0.509681E-10      0.000000E+00
  3.9801      0.360654E-09      0.143644E+00      0.000000E+00      0.518056E-10      0.000000E+00
  3.9840      0.361506E-09      0.143808E+00      0.000000E+00      0.519874E-10      0.000000E+00
  3.9880      0.361642E-09      0.143989E+00      0.000000E+00      0.520723E-10      0.000000E+00
  3.9920      0.361065E-09      0.146297E+00      0.000000E+00      0.528229E-10      0.000000E+00
  3.9960      0.359782E-09      0.147617E+00      0.000000E+00      0.531098E-10      0.000000E+00
  4.0000      0.357803E-09      0.148326E+00      0.000000E+00      0.530713E-10      0.000000E+00
