                  other actreduce  driving
T=       0.2500        9       70        0
T=       0.7625       18      139        0
T=       1.3006       26      209        0
T=       1.3006       35      281        0
T=       1.8657       44      354        0
T=       2.4589       53      427        0
T=       3.0819       62      498        0
T=       3.7360       71      569        0
T=       3.7360       80      642        0
T=       4.4228       89      716        0
T=       5.1439       98      788        0
T=       5.9011      106      862        0
T=       5.9011      114      935        0
T=       6.6962      123     1005        0
T=       7.5310      132     1077        0
T=       8.4075      140     1151        0
T=       8.4075      148     1224        0
T=       9.3279      157     1296        0
T=       9.3279      166     1366        0
T=      10.2943      175     1439        0
T=      11.3090      184     1511        0
T=      12.3745      193     1583        0
T=      12.3745      201     1656        0
T=      13.4932      211     1728        0
T=      14.6678      221     1800        0
T=      15.9012      229     1872        0
T=      15.9012      238     1945        0
T=      17.1963      247     2018        0
T=      17.1963      256     2090        0
T=      18.5561      265     2163        0
T=      18.5561      274     2235        0
T=      19.9839      283     2307        0
T=      19.9839      291     2380        0
T=      21.4831      300     2451        0
T=      23.0573      309     2522        0
T=      23.0573      318     2595        0
T=      24.7101      327     2667        0
T=      24.7101      336     2739        0
T=      24.7101      345     2811        0
T=      26.4456      353     2883        0
T=      26.4456      362     2956        0
T=      28.2679      371     3027        0
T=      30.1813      380     3098        0
T=      30.1813      389     3171        0
T=      32.1904      398     3242        0
T=      32.1904      408     3313        0
T=      34.2999      417     3385        0
T=      36.5149      426     3458        0
T=      36.5149      436     3529        0
T=      36.5149      445     3599        0
T=      36.5149      455     3670        0
T=      38.8407      464     3742        0
T=      38.8407      473     3815        0
T=      41.2827      482     3886        0
T=      41.2827      492     3957        0
T=      43.8468      501     4028        0
T=      43.8468      510     4102        0
T=      46.5392      519     4174        0
T=      46.5392      528     4245        0
T=      49.3661      538     4316        0
T=      49.3661      547     4387        0
T=      52.3344      556     4457        0
T=      52.3344      565     4528        0
T=      52.3344      575     4599        0
T=      52.3344      585     4669        0
T=      55.4511      595     4740        0
T=      55.4511      604     4811        0
T=      58.7237      614     4881        0
T=      58.7237      623     4952        0
T=      62.1599      633     5023        0
T=      62.1599      642     5095        0
T=      62.1599      651     5167        0
T=      65.7679      659     5239        0
T=      65.7679      668     5311        0
T=      69.5563      677     5383        0
T=      69.5563      686     5455        0
T=      73.5341      695     5527        0
T=      73.5341      704     5599        0
T=      77.7108      713     5671        0
T=      77.7108      722     5743        0
T=      77.7108      731     5814        0
T=      77.7108      739     5886        0
T=      77.7108      748     5958        0
T=      82.0963      757     6029        0
T=      82.0963      766     6100        0
T=      82.0963      775     6171        0
T=      86.7011      784     6243        0
T=      86.7011      793     6315        0
T=      91.5362      802     6387        0
T=      91.5362      810     6457        0
T=      91.5362      819     6528        0
T=      96.5127      828     6599        0
T=      96.5127      837     6672        0
T=     101.5127      846     6744        0
T=     101.5127      854     6816        0
T=     101.5127      863     6887        0
T=     106.5127      872     6959        0
T=     106.5127      881     7031        0
T=     106.5127      890     7106        0
T=     106.5127      899     7178        0
T=     111.5127      907     7250        0
T=     111.5127      917     7322        0
T=     111.5127      927     7394        0
T=     116.5127      936     7465        0
T=     116.5127      945     7537        0
T=     116.5127      954     7609        0
T=     121.5127      963     7681        0
T=     121.5127      972     7753        0
T=     121.5127      981     7825        0
T=     126.5127      990     7897        0
T=     126.5127      999     7969        0
T=     131.5127     1007     8041        0
T=     131.5127     1016     8113        0
T=     131.5127     1025     8184        0
T=     136.5127     1034     8256        0
T=     136.5127     1043     8328        0
T=     136.5127     1052     8400        0
T=     141.5127     1061     8472        0
T=     141.5127     1070     8544        0
T=     146.5127     1079     8616        0
T=     146.5127     1088     8688        0
T=     146.5127     1096     8760        0
T=     151.5127     1105     8832        0
T=     151.5127     1114     8903        0
T=     151.5127     1123     8975        0
T=     156.5127     1132     9047        0
T=     156.5127     1141     9119        0
T=     156.5127     1150     9192        0
T=     161.5127     1159     9264        0
T=     161.5127     1168     9336        0
T=     166.5127     1177     9408        0
T=     166.5127     1186     9480        0
T=     171.5127     1195     9552        0
T=     171.5127     1203     9625        0
T=     171.5127     1212     9697        0
T=     176.5127     1221     9769        0
T=     176.5127     1230     9841        0
T=     176.5127     1239     9913        0
T=     176.5127     1248     9985        0
T=     181.5127     1257    10057        0
T=     181.5127     1266    10129        0
T=     186.5127     1275    10201        0
T=     186.5127     1284    10274        0
T=     186.5127     1293    10346        0
T=     191.5127     1302    10417        0
T=     191.5127     1311    10487        0
T=     196.5127     1320    10559        0
T=     196.5127     1328    10631        0
T=     196.5127     1337    10703        0
T=     201.5127     1347    10774        0
T=     201.5127     1357    10846        0
T=     206.5127     1366    10918        0
T=     206.5127     1375    10990        0
T=     211.5127     1384    11062        0
T=     211.5127     1394    11134        0
T=     211.5127     1404    11205        0
T=     216.5127     1413    11277        0
T=     216.5127     1422    11349        0
T=     221.5127     1431    11420        0
T=     221.5127     1441    11492        0
T=     226.5127     1451    11563        0
T=     226.5127     1460    11634        0
T=     226.5127     1469    11706        0
T=     231.5127     1477    11778        0
T=     231.5127     1486    11850        0
T=     231.5127     1495    11922        0
T=     236.5127     1504    11994        0
T=     236.5127     1513    12064        0
T=     236.5127     1522    12135        0
T=     241.5127     1530    12206        0
T=     241.5127     1539    12276        0
T=     246.5127     1548    12347        0
T=     246.5127     1557    12419        0
T=     246.5127     1566    12490        0
T=     251.5127     1575    12561        0
T=     251.5127     1584    12633        0
T=     256.5127     1593    12704        0
T=     256.5127     1602    12776        0
T=     261.5127     1611    12847        0
T=     261.5127     1620    12919        0
T=     261.5127     1629    12990        0
T=     266.5127     1638    13061        0
T=     266.5127     1647    13133        0
T=     271.5127     1656    13204        0
T=     271.5127     1664    13276        0
T=     276.5127     1673    13347        0
T=     276.5127     1682    13419        0
T=     276.5127     1691    13490        0
T=     281.5127     1700    13562        0
T=     281.5127     1709    13633        0
T=     286.5127     1718    13705        0
T=     286.5127     1727    13776        0
T=     291.5127     1736    13847        0
T=     291.5127     1745    13919        0
T=     296.5127     1754    13990        0
T=     301.5127     1763    14061        0
T=     301.5127     1773    14133        0
T=     301.5127     1782    14204        0
T=     301.5127     1791    14276        0
T=     306.5127     1800    14347        0
T=     306.5127     1810    14418        0
T=     311.5127     1819    14490        0
T=     311.5127     1828    14561        0
T=     316.5127     1837    14633        0
T=     316.5127     1847    14704        0
T=     321.5127     1856    14776        0
T=     321.5127     1865    14848        0
T=     326.5127     1873    14920        0
T=     326.5127     1882    14993        0
T=     331.5127     1891    15065        0
T=     331.5127     1900    15137        0
T=     336.5127     1909    15209        0
T=     336.5127     1918    15281        0
T=     341.5127     1927    15353        0
T=     346.5127     1936    15425        0
T=     346.5127     1945    15497        0
