       0.000    0.9924480509E+00    0.9099746346E-06    0.1058090985E-17    0.8428882056E-12    0.4213750399E-16    0.1197076922E-06    0.5349190218E-14    0.2937189400E-16    0.5722928574E-04    0.1506420758E-05    0.4065984975E-05    0.7382116035E-08    0.2684385045E-14    0.1830435768E-04    0.1909456215E-13    0.8554390389E-16    0.7229865089E-05    0.7748479170E-06    0.2066472026E-17    0.5165535168E-04
       1.000    0.9924480457E+00    0.9100511252E-06    0.2223795978E-15    0.9062782215E-11    0.4439115604E-14    0.1197075530E-06    0.1830990397E-10    0.7400780201E-15    0.5722930078E-04    0.1506422512E-05    0.4065986994E-05    0.7382185466E-08    0.4393775651E-11    0.1830434387E-04    0.4596509655E-11    0.1615474708E-14    0.7229867934E-05    0.7748482065E-06    0.7907628644E-16    0.5165535657E-04
       2.000    0.9924480038E+00    0.9101300695E-06    0.2412157169E-15    0.9038579625E-11    0.2764335480E-14    0.1197076045E-06    0.1891723005E-10    0.5368929908E-15    0.5722930940E-04    0.1506421524E-05    0.4065986618E-05    0.7382272120E-08    0.4153814327E-11    0.1830435166E-04    0.4403087221E-11    0.4640196138E-15    0.7229869312E-05    0.7748479276E-06    0.3583904625E-16    0.5165536945E-04
       3.000    0.9924474581E+00    0.9102090546E-06    0.6062205536E-14    0.3774343509E-09    0.1323876814E-12    0.1197077867E-06    0.7998122977E-09    0.1650164064E-13    0.5722906855E-04    0.1506420492E-05    0.4065986939E-05    0.7381807357E-08    0.1955801632E-09    0.1830424875E-04    0.2026322149E-09    0.4335430922E-13    0.7229856209E-05    0.7748472065E-06    0.3954834460E-14    0.5165552772E-04
       4.000    0.9924434142E+00    0.9102959358E-06    0.9808575141E-13    0.5328343468E-08    0.1870811795E-11    0.1197083706E-06    0.1150554087E-07    0.2748346347E-12    0.5722731699E-04    0.1506413137E-05    0.4065976292E-05    0.7379215722E-08    0.2783666837E-08    0.1830352578E-04    0.2873341887E-08    0.6586637968E-12    0.7229817809E-05    0.7748445025E-06    0.4326326014E-13    0.5165667260E-04
       5.000    0.9924310053E+00    0.9103842354E-06    0.4156142899E-12    0.2111214946E-07    0.7191377036E-11    0.1197139832E-06    0.4578306629E-07    0.1105671254E-11    0.5722076123E-04    0.1506380262E-05    0.4066051293E-05    0.7364323414E-08    0.1101547199E-07    0.1830067789E-04    0.1138212942E-07    0.2430475086E-11    0.7229700584E-05    0.7748348358E-06    0.1512921656E-12    0.5166119360E-04
       6.000    0.9924113873E+00    0.9104309347E-06    0.8795220597E-12    0.3982447774E-07    0.1333637635E-10    0.1197358438E-06    0.8684432461E-07    0.2141253059E-11    0.5720399594E-04    0.1506242387E-05    0.4066762165E-05    0.7312636478E-08    0.2079901913E-07    0.1829268204E-04    0.2151685385E-07    0.4404612491E-11    0.7229502239E-05    0.7748085547E-06    0.2463591212E-12    0.5167385636E-04
       7.000    0.9923931541E+00    0.9102852145E-06    0.9941780423E-12    0.3535524196E-07    0.1155743955E-10    0.1197895181E-06    0.7763619714E-07    0.1903590671E-11    0.5716749023E-04    0.1505761928E-05    0.4069387177E-05    0.7177552959E-08    0.1845106599E-07    0.1827381218E-04    0.1915458523E-07    0.3451135620E-11    0.7229248067E-05    0.7747494920E-06    0.1950097500E-12    0.5170347799E-04
       8.000    0.9923693657E+00    0.9096101063E-06    0.3963576845E-12    0.5369230770E-08    0.1480484895E-11    0.1198849473E-06    0.1231043991E-07    0.2753989583E-12    0.5709228187E-04    0.1504430998E-05    0.4075642031E-05    0.6897467182E-08    0.2805705560E-08    0.1823404941E-04    0.2990484896E-08    0.3403393936E-12    0.7228903541E-05    0.7746304080E-06    0.2838564757E-13    0.5176595696E-04
       9.000    0.9922918954E+00    0.9078287056E-06    0.5763674772E-13    0.2163555536E-07    0.8282880324E-11    0.1200184205E-06    0.4570622759E-07    0.1342630191E-11    0.5694612164E-04    0.1501537436E-05    0.4087081398E-05    0.6411736248E-08    0.1131148395E-07    0.1815846818E-04    0.1156056563E-07    0.3317483332E-11    0.7228189271E-05    0.7743972844E-06    0.2195080863E-12    0.5188575997E-04
      10.000    0.9920975916E+00    0.9041964531E-06    0.2270818178E-11    0.1826209714E-06    0.6598778460E-10    0.1201708729E-06    0.3929549487E-06    0.1077062917E-10    0.5668932989E-04    0.1496459466E-05    0.4105279592E-05    0.5677325859E-08    0.9539557910E-07    0.1802886527E-04    0.9804715952E-07    0.2190147944E-10    0.7226845841E-05    0.7739455480E-06    0.1302324184E-11    0.5209346094E-04
      11.000    0.9917890916E+00    0.8978711578E-06    0.8088594812E-11    0.4583783224E-06    0.1618871554E-09    0.1203291050E-06    0.9931768246E-06    0.2646972125E-10    0.5628493179E-04    0.1488914904E-05    0.4133345579E-05    0.4669659287E-08    0.2395104402E-06    0.1782483949E-04    0.2467679759E-06    0.5128735147E-10    0.7225172369E-05    0.7731255166E-06    0.2930923307E-11    0.5242367800E-04
      12.000    0.9914681290E+00    0.8878567959E-06    0.1444481969E-10    0.6187949084E-06    0.2180130000E-09    0.1205143262E-06    0.1347728524E-05    0.3445446014E-10    0.5569586488E-04    0.1478559174E-05    0.4177165165E-05    0.3421409140E-08    0.3235313020E-06    0.1752048067E-04    0.3338230784E-06    0.6431499404E-10    0.7224383850E-05    0.7717994669E-06    0.3642469258E-11    0.5292300265E-04
      13.000    0.9912210609E+00    0.8726226698E-06    0.1501253892E-10    0.4431755602E-06    0.1536701463E-09    0.1207795958E-06    0.9732831174E-06    0.2320211778E-10    0.5486059345E-04    0.1463957146E-05    0.4243790692E-05    0.2089090213E-08    0.2321131219E-06    0.1707728050E-04    0.2399799537E-06    0.4146123440E-10    0.7225914172E-05    0.7698827831E-06    0.2422123847E-11    0.5366991743E-04
      14.000    0.9909344860E+00    0.8500090981E-06    0.7552586178E-11    0.8083316842E-07    0.2741656523E-10    0.1211216281E-06    0.1834309136E-06    0.3075273319E-11    0.5367022913E-04    0.1442341310E-05    0.4337337557E-05    0.1040055347E-08    0.4265279193E-07    0.1644240034E-04    0.4454372498E-07    0.5185881646E-11    0.7230153271E-05    0.7673735921E-06    0.7096457701E-12    0.5478851720E-04
      15.000    0.9902872392E+00    0.8177955358E-06    0.1932990149E-12    0.9080605214E-07    0.3725846446E-10    0.1213821211E-06    0.1881112863E-06    0.8151459806E-11    0.5198608381E-04    0.1411240000E-05    0.4457194410E-05    0.9302252396E-09    0.4697195898E-07    0.1556191637E-04    0.4827529776E-07    0.1627794886E-10    0.7236152551E-05    0.7644334291E-06    0.1614840482E-11    0.5643005399E-04
      16.000    0.9890436035E+00    0.7748014312E-06    0.8233712248E-11    0.8988857760E-06    0.3352271883E-09    0.1212691233E-06    0.1919957728E-05    0.5990065086E-10    0.4970977691E-04    0.1371425442E-05    0.4603594909E-05    0.2667595481E-08    0.4682970354E-06    0.1440777317E-04    0.4812960595E-06    0.1057205507E-09    0.7243714347E-05    0.7613602323E-06    0.6350201220E-11    0.5871598423E-04
      17.000    0.9873899503E+00    0.7215972677E-06    0.3736817562E-10    0.2129523381E-05    0.7878705277E-09    0.1205866074E-06    0.4580318409E-05    0.1280269326E-09    0.4683495609E-04    0.1328190921E-05    0.4787941867E-05    0.7188975797E-08    0.1111676882E-05    0.1299220218E-04    0.1143259587E-05    0.2192716102E-09    0.7256007584E-05    0.7583880473E-06    0.1172627155E-10    0.6169575866E-04
      18.000    0.9858598901E+00    0.6605693705E-06    0.6892954698E-10    0.2696451439E-05    0.9935492774E-09    0.1194724778E-06    0.5825327455E-05    0.1478577293E-09    0.4340582762E-04    0.1287930840E-05    0.5037020837E-05    0.1523486687E-07    0.1410427895E-05    0.1135003042E-04    0.1450519754E-05    0.2515274295E-09    0.7279378227E-05    0.7555416045E-06    0.1286357135E-10    0.6539369883E-04
      19.000    0.9847578920E+00    0.5955194397E-06    0.7192350871E-10    0.1886394085E-05    0.6980156005E-09    0.1184786846E-06    0.4100653444E-05    0.8964500397E-10    0.3942064519E-04    0.1253278092E-05    0.5382299331E-05    0.2713305568E-07    0.9899530644E-06    0.9512532559E-05    0.1017681139E-05    0.1547377846E-09    0.7319117752E-05    0.7526639709E-06    0.8719496285E-11    0.6993159571E-04
      20.000    0.9836365757E+00    0.5315379292E-06    0.3786491963E-10    0.4245962970E-06    0.1608801711E-09    0.1182819439E-06    0.9462067990E-06    0.1288435564E-10    0.3480243658E-04    0.1221725820E-05    0.5839862836E-05    0.4216403177E-07    0.2255531322E-06    0.7517855635E-05    0.2319121353E-06    0.2763723866E-10    0.7374769028E-05    0.7494872973E-06    0.4548984878E-11    0.7561370959E-04
      21.000    0.9815291629E+00    0.4761779936E-06    0.2999309044E-11    0.1460519785E-06    0.7184555049E-10    0.1190754349E-06    0.2903176194E-06    0.2018146426E-10    0.2950910960E-04    0.1189702248E-05    0.6398687894E-05    0.5768302204E-07    0.7381767076E-07    0.5462559999E-05    0.7705980928E-07    0.3200024560E-10    0.7441188665E-05    0.7458904328E-06    0.7071754995E-11    0.8286190627E-04
      22.000    0.9779217522E+00    0.4403221538E-06    0.1844648524E-10    0.2149986538E-05    0.8590767521E-09    0.1200202774E-06    0.4483929025E-05    0.1429737007E-09    0.2370650886E-04    0.1159380603E-05    0.7034890893E-05    0.6938998353E-07    0.1113468180E-05    0.3543968351E-05    0.1143747379E-05    0.2152267191E-09    0.7516182488E-05    0.7421891730E-06    0.1607904288E-10    0.9201653223E-04
      23.000    0.9734932363E+00    0.4372404521E-06    0.9416968110E-10    0.5229222240E-05    0.2081321718E-08    0.1195974953E-06    0.1095878693E-04    0.2799078989E-09    0.1782226567E-04    0.1141690319E-05    0.7746112329E-05    0.7408294679E-07    0.2721865069E-05    0.2044690403E-05    0.2787950622E-05    0.4369366007E-09    0.7606373422E-05    0.7390669621E-06    0.2437395349E-10    0.1031696714E-03
      24.000    0.9696410994E+00    0.4814547874E-06    0.1709413423E-09    0.6609152544E-05    0.2653469391E-08    0.1168670077E-06    0.1385830545E-04    0.2892208440E-09    0.1240713516E-04    0.1152535734E-05    0.8569465532E-05    0.7239598172E-07    0.3453301780E-05    0.1278511394E-05    0.3527992208E-05    0.4886162907E-09    0.7723426331E-05    0.7374252897E-06    0.2602952107E-10    0.1162202835E-03
      25.000    0.9670471607E+00    0.5865347510E-06    0.1674609839E-09    0.4720634412E-05    0.1925548623E-08    0.1122614460E-06    0.9914796178E-05    0.1568926313E-09    0.7976994582E-05    0.1204041788E-05    0.9552318376E-05    0.6801100748E-07    0.2480058323E-05    0.1563661606E-05    0.2524985686E-05    0.3118820545E-09    0.7872335353E-05    0.7377930637E-06    0.2228916767E-10    0.1310885054E-03
      26.000    0.9647531403E+00    0.7605574246E-06    0.7932068884E-10    0.1274019966E-05    0.5355931866E-09    0.1068722242E-06    0.2718065283E-05    0.2017162700E-10    0.5039284132E-05    0.1300839803E-05    0.1068548698E-04    0.6774550242E-07    0.6798406203E-06    0.3208802534E-05    0.6873701533E-06    0.7393467924E-10    0.8039974278E-05    0.7399844100E-06    0.1890410125E-10    0.1477029600E-03
      27.000    0.9606533113E+00    0.1134867638E-05    0.9224415463E-11    0.1091066225E-06    0.1154770554E-09    0.1026753018E-06    0.1989602723E-06    0.2067374050E-10    0.8930129632E-05    0.1748942384E-05    0.1159260024E-04    0.3379314630E-06    0.5197560519E-07    0.1080916630E-04    0.5712879565E-07    0.5777990761E-10    0.8348040519E-05    0.7449486918E-06    0.3921302902E-11    0.1680068703E-03
      28.000    0.9543984984E+00    0.1638075086E-05    0.2748463318E-10    0.3341761402E-05    0.1485200268E-08    0.9945129447E-07    0.6613781553E-05    0.1270925626E-09    0.8120578775E-05    0.1693895248E-05    0.1298524562E-04    0.2429207042E-06    0.1690199625E-05    0.1347491042E-04    0.1749752337E-05    0.1162275489E-09    0.8553008483E-05    0.7634056547E-06    0.8451637029E-10    0.1934146682E-03
      29.000    0.9474643317E+00    0.1735492279E-05    0.1862330643E-09    0.8678654654E-05    0.4965648061E-08    0.8609459529E-07    0.1730561566E-04    0.6172254756E-09    0.7862904460E-05    0.1730246134E-05    0.1408472848E-04    0.1346697843E-06    0.4522955368E-05    0.1708985043E-04    0.4547241128E-05    0.7898215748E-09    0.8528587295E-05    0.7839342460E-06    0.2845175625E-10    0.2055775381E-03
      30.000    0.9412210015E+00    0.2154605717E-05    0.2946162758E-09    0.1121208124E-04    0.5611953927E-08    0.7287424972E-07    0.2227906050E-04    0.3309933456E-09    0.1766662953E-04    0.2081418094E-05    0.1518128950E-04    0.2692274659E-06    0.5890885649E-05    0.2747919945E-04    0.5927096437E-05    0.7947445769E-09    0.8743047630E-05    0.7922911978E-06    0.4430784789E-10    0.2338222424E-03
      31.000    0.9377005016E+00    0.2692602184E-05    0.2619335726E-09    0.8295442083E-05    0.4133339403E-08    0.6224065880E-07    0.1645290324E-04    0.1498826738E-09    0.2888261790E-04    0.2503526021E-05    0.1629137218E-04    0.4934131001E-06    0.4391839601E-05    0.3796415603E-04    0.4398665769E-05    0.6226742305E-09    0.8972471480E-05    0.8169918062E-06    0.6172159132E-10    0.2577168064E-03
      32.000    0.9353576974E+00    0.3311514169E-05    0.1118713413E-09    0.2608016135E-05    0.1285040575E-08    0.5406611479E-07    0.5216845564E-05    0.1404874036E-10    0.4234994496E-04    0.3122686054E-05    0.1739651257E-04    0.8783165233E-06    0.1400325653E-05    0.4910370700E-04    0.1393075811E-05    0.2208596258E-09    0.9194864110E-05    0.8387291354E-06    0.8038926659E-10    0.2795835733E-03
      33.000    0.9316171884E+00    0.4018554927E-05    0.5394062210E-11    0.2107291716E-07    0.7332289091E-10    0.4840642146E-07    0.3419774246E-07    0.3175604682E-10    0.5670510677E-04    0.3955698652E-05    0.1823786535E-04    0.1457827487E-05    0.9585958059E-08    0.5949917496E-04    0.1206867746E-07    0.8293950999E-11    0.9367171647E-05    0.8510045589E-06    0.6538959430E-10    0.2975219329E-03
      34.000    0.9238575657E+00    0.6092550564E-05    0.1532972328E-10    0.3733381419E-05    0.2027898582E-08    0.4887413531E-07    0.6963724320E-05    0.1060058700E-09    0.1179292900E-03    0.6356489471E-05    0.1777750664E-04    0.5864638058E-05    0.1904943716E-05    0.1024277371E-03    0.1947091516E-05    0.3651521084E-09    0.1047326800E-04    0.8207536253E-06    0.3122799803E-10    0.3300708324E-03
      35.000    0.9184918585E+00    0.6064258738E-05    0.2094495265E-09    0.1069433281E-04    0.7020741695E-08    0.3778003816E-07    0.2037005921E-04    0.3547704606E-09    0.8096294238E-04    0.5870380872E-05    0.1827941995E-04    0.2953370363E-05    0.5648838698E-05    0.7225819566E-04    0.5641651559E-05    0.1089442828E-08    0.9648871763E-05    0.8549036637E-06    0.1414076243E-10    0.3175924822E-03
      36.000    0.9139094822E+00    0.7657000912E-05    0.3324993967E-09    0.1428002246E-04    0.1059473683E-07    0.4227744423E-07    0.2731819326E-04    0.4711956400E-09    0.8751040749E-04    0.7135692815E-05    0.1746339495E-04    0.4667189911E-05    0.7600290286E-05    0.7390087887E-04    0.7527770033E-05    0.2175763019E-08    0.9689548871E-05    0.9141994967E-06    0.8470671262E-10    0.3177214649E-03
      37.000    0.9125822025E+00    0.9169530849E-05    0.3075280708E-09    0.1099938339E-04    0.6947958649E-08    0.3558560605E-07    0.2109883802E-04    0.2688217051E-09    0.9701008362E-04    0.8331179746E-05    0.1642569657E-04    0.5853907538E-05    0.5886102851E-05    0.7731754594E-04    0.5858589552E-05    0.1780666561E-08    0.9781136538E-05    0.9299984017E-06    0.1625074178E-09    0.3247228826E-03
      38.000    0.9139044913E+00    0.1127383948E-04    0.1533370452E-09    0.3931064671E-05    0.2239324956E-08    0.3148907241E-07    0.7628565622E-05    0.9379237619E-10    0.9746080716E-04    0.9458561716E-05    0.1519140132E-04    0.7010372508E-05    0.2105319484E-05    0.7481740205E-04    0.2112794752E-05    0.7233623347E-09    0.9848570137E-05    0.9800559816E-06    0.1597358556E-09    0.3216596939E-03
      39.000    0.9144703089E+00    0.1381443118E-04    0.1425989034E-10    0.1451422724E-07    0.1053489347E-10    0.2373316281E-07    0.4163478014E-07    0.1714842661E-10    0.9314069601E-04    0.1034179235E-04    0.1372773623E-04    0.7973349076E-05    0.8355838325E-08    0.6999556426E-04    0.1144833264E-07    0.1821287164E-11    0.9889300935E-05    0.1034946241E-05    0.6017812351E-10    0.3139969579E-03
      40.000    0.9127019796E+00    0.1673835977E-04    0.3208283482E-10    0.3156007679E-05    0.3127291319E-08    0.1525656525E-07    0.5969042854E-05    0.2661107548E-09    0.8268667790E-04    0.1082404986E-04    0.1218751821E-04    0.8443596718E-05    0.1693297667E-05    0.6174914987E-04    0.1662250622E-05    0.6804262950E-09    0.9836747404E-05    0.1080343070E-05    0.8904309384E-11    0.3000194153E-03
      41.000    0.9095724054E+00    0.2019425704E-04    0.1943032540E-09    0.1021246554E-04    0.7061744654E-08    0.1683797980E-07    0.1959200957E-04    0.2713786341E-09    0.6948491494E-04    0.1015746533E-04    0.1061735792E-04    0.6538682384E-05    0.5502549085E-05    0.5605811781E-04    0.5504028707E-05    0.1485690422E-08    0.9959525302E-05    0.1026692655E-05    0.7802913925E-10    0.2902589735E-03
      42.000    0.9089413161E+00    0.2502844360E-04    0.2708837486E-09    0.1424566299E-04    0.1206483410E-07    0.3995701465E-07    0.2773964117E-04    0.1189485620E-08    0.5320073759E-04    0.1072274579E-04    0.1069820206E-04    0.8157740873E-05    0.7618076619E-05    0.4341066526E-04    0.7600674569E-05    0.3636288762E-08    0.9661874850E-05    0.1151602533E-05    0.2651176185E-09    0.2650974219E-03
      43.000    0.9113322388E+00    0.2981989144E-04    0.2492882068E-09    0.1142598644E-04    0.8746990973E-08    0.1186928061E-06    0.2246934806E-04    0.1166835271E-08    0.3950970166E-04    0.1026820021E-04    0.1130936423E-04    0.7454102809E-05    0.6075935769E-05    0.3622059119E-04    0.6117616892E-05    0.3052393198E-08    0.9547060436E-05    0.1157835672E-05    0.2888534950E-09    0.2488357710E-03
      44.000    0.9159073432E+00    0.3536679907E-04    0.1082565459E-09    0.4539635863E-05    0.2976802814E-08    0.2765014607E-06    0.9048012375E-05    0.5590466018E-09    0.2670128412E-04    0.9728458090E-05    0.1289864771E-04    0.6845716297E-05    0.2390868062E-05    0.2944009272E-04    0.2442930828E-05    0.1188734633E-08    0.9442359103E-05    0.1160458427E-05    0.1516548447E-09    0.2319088221E-03
      45.000    0.9194318946E+00    0.4113985510E-04    0.9970007464E-11    0.1359194662E-06    0.5551991277E-11    0.5333078803E-06    0.2935249107E-06    0.3178227322E-10    0.1650161671E-04    0.9211464097E-05    0.1513895407E-04    0.6398351816E-05    0.6790268662E-07    0.2350939843E-04    0.7938122429E-07    0.2404734234E-10    0.9308942815E-05    0.1140831882E-05    0.1603387038E-10    0.2149218571E-03
      46.000    0.9200258799E+00    0.4674917810E-04    0.2404505001E-10    0.2031157370E-05    0.2438004256E-08    0.8918731573E-06    0.4005337101E-05    0.3285381115E-09    0.9062055491E-05    0.8702985226E-05    0.1763768985E-04    0.6251418290E-05    0.1090908684E-05    0.1830772404E-04    0.1056168558E-05    0.7679756017E-09    0.9097385452E-05    0.1101668296E-05    0.8983655405E-10    0.1981334878E-03
      47.000    0.9187090687E+00    0.5188201096E-04    0.5569772546E-10    0.7698370413E-05    0.7313130733E-08    0.1334300578E-05    0.1544707875E-04    0.1332816671E-08    0.4370964912E-05    0.8248603369E-05    0.2007154585E-04    0.6225036179E-05    0.4080886092E-05    0.1386164792E-04    0.4036045954E-05    0.2878616421E-08    0.8825556332E-05    0.1041707194E-05    0.3023901790E-09    0.1829045805E-03
      48.000    0.9181652867E+00    0.5646569347E-04    0.5035709073E-10    0.1123289887E-04    0.9539192995E-08    0.1831961887E-05    0.2279165988E-04    0.2051648511E-08    0.1941445394E-05    0.7860190944E-05    0.2219420929E-04    0.6191835506E-05    0.5920981312E-05    0.1019640198E-04    0.5902828296E-05    0.4317139368E-08    0.8494010416E-05    0.9663284260E-06    0.4187382639E-09    0.1694892299E-03
      49.000    0.9199516331E+00    0.6017285106E-04    0.6171221183E-10    0.9308709278E-05    0.7005985925E-08    0.2320723309E-05    0.1908044451E-04    0.1700310641E-08    0.1158725492E-05    0.7450425999E-05    0.2371493572E-04    0.5902347350E-05    0.4891374466E-05    0.7304861695E-05    0.4907808196E-05    0.3551791042E-08    0.8132077022E-05    0.8811248927E-06    0.3210193319E-09    0.1582994649E-03
      50.000    0.9230280921E+00    0.6297239707E-04    0.6765857545E-10    0.4000470928E-05    0.2531982303E-08    0.2701335940E-05    0.8298290851E-05    0.7708979817E-09    0.1348438948E-05    0.7010224917E-05    0.2420990987E-04    0.5529133131E-05    0.2093456243E-05    0.5214524501E-05    0.2119293745E-05    0.1565550877E-08    0.7763908164E-05    0.8030002904E-06    0.1275666013E-09    0.1501455664E-03
      51.000    0.9251420852E+00    0.6453573129E-04    0.2121974800E-10    0.2671199490E-06    0.6094772887E-10    0.2931538007E-05    0.5805924776E-06    0.5037354747E-10    0.1908388982E-05    0.6460154045E-05    0.2327445374E-04    0.4944232116E-05    0.1377602032E-06    0.3532625068E-05    0.1479259827E-06    0.1035108814E-09    0.7453035048E-05    0.7602899487E-06    0.1370405738E-10    0.1435650486E-03
      52.000    0.9249400244E+00    0.6454278876E-04    0.1113619186E-10    0.9628706652E-06    0.1022949360E-08    0.2986674507E-05    0.1951975172E-05    0.2153379075E-09    0.2400892818E-05    0.5765573462E-05    0.2079956068E-04    0.4078101890E-05    0.5140515726E-06    0.2217117581E-05    0.4974374466E-06    0.4610951352E-09    0.7214891810E-05    0.7590025630E-06    0.2441242623E-10    0.1376133310E-03
      53.000    0.9233225927E+00    0.6354563655E-04    0.1092310898E-09    0.4415441488E-05    0.3472027957E-08    0.2871549124E-05    0.9117797035E-05    0.8918634139E-09    0.2773226473E-05    0.4985783850E-05    0.1713451098E-04    0.3114437867E-05    0.2342389356E-05    0.1239695064E-05    0.2321142859E-05    0.1895393975E-08    0.7080842756E-05    0.7992486912E-06    0.8534927718E-10    0.1321355358E-03
      54.000    0.9221803108E+00    0.6178211992E-04    0.2594369282E-09    0.6705138729E-05    0.4646573204E-08    0.2625765168E-05    0.1395448288E-04    0.1290152769E-08    0.2972010000E-05    0.4164324260E-05    0.1288375502E-04    0.2209531917E-05    0.3559529791E-05    0.6469257875E-06    0.3562222114E-05    0.2565106196E-08    0.7032170278E-05    0.8631560819E-06    0.1166254893E-09    0.1276079904E-03
      55.000    0.9225290012E+00    0.5919594849E-04    0.3112389556E-09    0.5678981212E-05    0.3515716885E-08    0.2299304205E-05    0.1188302576E-04    0.1064978720E-08    0.2837982534E-05    0.3320683463E-05    0.8694946727E-05    0.1473223330E-05    0.3022424353E-05    0.4109912850E-06    0.3046484252E-05    0.1970569984E-08    0.7044798339E-05    0.9154406975E-06    0.8666540365E-10    0.1247219412E-03
      56.000    0.9238359151E+00    0.5616286254E-04    0.1966647406E-09    0.2580411599E-05    0.1391612994E-08    0.1945014043E-05    0.5439137855E-05    0.4561734023E-09    0.2463723639E-05    0.2461410469E-05    0.5094678896E-05    0.9605897373E-06    0.1376965039E-05    0.4040989997E-06    0.1398815898E-05    0.7814165032E-09    0.7082821816E-05    0.9394791685E-06    0.4095985467E-10    0.1234477086E-03
      57.000    0.9247582162E+00    0.5296796858E-04    0.4109341967E-10    0.2712836103E-06    0.1133221890E-09    0.1601625338E-05    0.5919168528E-06    0.3309434030E-10    0.1914050338E-05    0.1659467287E-05    0.2586184409E-05    0.6822782646E-06    0.1455603287E-06    0.5511860066E-06    0.1517480021E-06    0.6169310118E-10    0.7101555019E-05    0.9274537610E-06    0.9620956409E-11    0.1233040348E-03
      58.000    0.9246060334E+00    0.4953943299E-04    0.1463691434E-10    0.3101080633E-06    0.2080256538E-09    0.1310224055E-05    0.6188088512E-06    0.1058804934E-09    0.1305510636E-05    0.1003354228E-05    0.1595586654E-05    0.6880289453E-06    0.1659547299E-06    0.7563278336E-06    0.1625797315E-06    0.9450698086E-10    0.7088199151E-05    0.8804751624E-06    0.1872752964E-11    0.1238227933E-03
      59.000    0.9238876822E+00    0.4609154734E-04    0.1058273084E-09    0.1817405942E-05    0.8383329898E-09    0.1098761491E-05    0.3724388706E-05    0.4694392305E-09    0.8007891732E-06    0.5190974202E-06    0.2278406046E-05    0.8940001701E-06    0.9730224304E-06    0.9272313766E-06    0.9697877734E-06    0.4023734313E-09    0.7034405704E-05    0.8121857224E-06    0.1208633327E-10    0.1237832440E-03
      60.000    0.9235629897E+00    0.4269656438E-04    0.1772941561E-09    0.2850962860E-05    0.1083423287E-08    0.9724302779E-06    0.5890645432E-05    0.6737233745E-09    0.5319648704E-06    0.1977238212E-06    0.4501220174E-05    0.1146648792E-05    0.1528235834E-05    0.1017011529E-05    0.1525952566E-05    0.5300037957E-09    0.6953328904E-05    0.7377664901E-06    0.3517020253E-10    0.1228171207E-03
      61.000    0.9240575471E+00    0.3936428345E-04    0.1559778357E-09    0.2423502980E-05    0.7771072927E-09    0.9218135547E-06    0.5046672007E-05    0.5293534720E-09    0.5645643040E-06    0.4401827117E-07    0.7871151171E-05    0.1363783839E-05    0.1301230443E-05    0.1030206796E-05    0.1299388972E-05    0.3704812530E-09    0.6851323096E-05    0.6756859492E-06    0.4942324833E-10    0.1214947830E-03
      62.000    0.9250364995E+00    0.3609287873E-04    0.8151459189E-10    0.1127637330E-05    0.3135993650E-09    0.9444720922E-06    0.2375916758E-05    0.2139399031E-09    0.9538666238E-06    0.8173219634E-07    0.1177216855E-04    0.1545225865E-05    0.6075172693E-06    0.9581408914E-06    0.6071646108E-06    0.1402708641E-09    0.6719711069E-05    0.6466291220E-06    0.4158672118E-10    0.1204571803E-03
      63.000    0.9259402626E+00    0.3295001137E-04    0.2294071399E-10    0.1555948355E-06    0.5158914143E-10    0.1044588767E-05    0.3399073853E-06    0.1379689853E-10    0.1818432434E-05    0.3012645831E-06    0.1544380957E-04    0.1625279477E-05    0.8507466347E-07    0.7661980052E-06    0.8565476818E-07    0.1984939893E-10    0.6561817238E-05    0.6662052380E-06    0.2146650735E-10    0.1192520262E-03
      64.000    0.9265514468E+00    0.2995734940E-04    0.9191089465E-11    0.5681088722E-07    0.3304847592E-10    0.1221736802E-05    0.1112260327E-06    0.3552218501E-10    0.3320505255E-05    0.6728706425E-06    0.1818026863E-04    0.1541840755E-05    0.2983005879E-07    0.4689997946E-06    0.2860083387E-07    0.8243704438E-11    0.6415717955E-05    0.7355978491E-06    0.3150744350E-11    0.1165272064E-03
      65.000    0.9270461741E+00    0.2719385103E-04    0.2166691107E-10    0.4558153308E-06    0.1185887951E-09    0.1481467637E-05    0.9455223799E-06    0.1421579926E-09    0.5557247449E-05    0.1203854073E-05    0.1957446870E-04    0.1327377396E-05    0.2436870014E-06    0.1826630205E-06    0.2370330041E-06    0.3929096389E-10    0.6322336541E-05    0.8317200977E-06    0.5211357884E-11    0.1118139149E-03
      66.000    0.9276743169E+00    0.2451919913E-04    0.2430221601E-10    0.7081157685E-06    0.1529889632E-09    0.1814121744E-05    0.1496462750E-05    0.1786578472E-09    0.8518751146E-05    0.1912977448E-05    0.1947070092E-04    0.1152501814E-05    0.3811604243E-06    0.6018380007E-07    0.3713075306E-06    0.5575477389E-10    0.6287027361E-05    0.9309722225E-06    0.2723459994E-10    0.1049884217E-03
      67.000    0.9285073844E+00    0.2213019495E-04    0.1521439716E-10    0.5701182573E-06    0.1153157647E-09    0.2210396937E-05    0.1222783773E-05    0.1263638700E-09    0.1217918096E-04    0.2716214011E-05    0.1798394159E-04    0.9946172118E-06    0.3090375786E-06    0.2233463767E-06    0.3009792121E-06    0.4575411776E-10    0.6289848640E-05    0.9913766487E-06    0.4620303434E-10    0.9694351168E-04
      68.000    0.9294517455E+00    0.2007151188E-04    0.1110408968E-10    0.2515936210E-06    0.4664065317E-10    0.2637900610E-05    0.5494295819E-06    0.4342653129E-10    0.1647513246E-04    0.3519739226E-05    0.1536859958E-04    0.8499071774E-06    0.1378641409E-06    0.7559942511E-06    0.1341528842E-06    0.3134440388E-10    0.6332492373E-05    0.9875984419E-06    0.4918663905E-10    0.8858829893E-04
      69.000    0.9303487028E+00    0.1830420986E-04    0.1179518329E-10    0.3852842107E-07    0.8887169773E-11    0.3085775801E-05    0.8724976044E-07    0.3635988657E-11    0.2095943692E-04    0.4326028056E-05    0.1204309519E-04    0.7896917083E-06    0.2162173130E-07    0.1670435299E-05    0.2111463324E-07    0.1028721977E-10    0.6419590020E-05    0.9222062770E-06    0.3124746235E-10    0.8114184620E-04
      70.000    0.9311577845E+00    0.1684004423E-04    0.8403548147E-11    0.3637844659E-08    0.1727341290E-10    0.3527859444E-05    0.6788838892E-08    0.6030699749E-11    0.2528690046E-04    0.5105075858E-05    0.8478346338E-05    0.8099082719E-06    0.1901620164E-08    0.2873033213E-05    0.1638320604E-08    0.1261415924E-11    0.6557127992E-05    0.8295591279E-06    0.1045366628E-10    0.7632462512E-04
      71.000    0.9318887013E+00    0.1581602024E-04    0.2545084966E-11    0.4270200506E-07    0.3793978319E-10    0.3928708703E-05    0.9174934964E-07    0.1988197898E-10    0.2911733925E-04    0.5744619013E-05    0.5178092682E-05    0.8628228885E-06    0.2344407666E-07    0.4159147041E-05    0.2193782688E-07    0.1987667394E-12    0.6716366650E-05    0.7410829090E-06    0.8810834121E-12    0.7479647535E-04
      72.000    0.9325804143E+00    0.1531844457E-04    0.4221923119E-11    0.5634524904E-07    0.4468471541E-10    0.4240653188E-05    0.1248426072E-06    0.2214308189E-10    0.3245107282E-04    0.6133242202E-05    0.2580744445E-05    0.9343709004E-06    0.3161573311E-07    0.5367935990E-05    0.2951309847E-07    0.2418967940E-11    0.6883559749E-05    0.6692093814E-06    0.2328309465E-11    0.7546172915E-04
      73.000    0.9332496833E+00    0.1528245889E-04    0.1220770608E-10    0.3438294150E-07    0.2923884090E-10    0.4439662914E-05    0.7883183521E-07    0.1649784380E-10    0.3545817169E-04    0.6277828432E-05    0.9935479728E-06    0.1044032744E-05    0.1992953563E-07    0.6443858509E-05    0.1830502317E-07    0.3418282824E-11    0.7060835908E-05    0.6215054020E-06    0.1109110550E-10    0.7646857365E-04
      74.000    0.9338836860E+00    0.1562803831E-04    0.1562039755E-10    0.1055798781E-07    0.1039597500E-10    0.4527316700E-05    0.2520696124E-07    0.8927468514E-11    0.3797328079E-04    0.6192582634E-05    0.5601062557E-06    0.1115224452E-05    0.6419812034E-08    0.7315165001E-05    0.5715831537E-08    0.3752530290E-11    0.7242270478E-05    0.6104169418E-06    0.1723548671E-10    0.7682561837E-04
      75.000    0.9344687049E+00    0.1626522602E-04    0.1160052424E-10    0.1134578229E-08    0.2891260902E-11    0.4515567050E-05    0.2802401701E-08    0.2392849170E-11    0.3958053003E-04    0.5854389361E-05    0.1246792437E-05    0.1086626957E-05    0.7279912703E-09    0.7815161331E-05    0.6379410010E-09    0.1984523811E-11    0.7379773171E-05    0.6496125177E-06    0.1429804129E-10    0.7654144867E-04
      76.000    0.9349951498E+00    0.1717890932E-04    0.5747627682E-11    0.3152755648E-10    0.3921154716E-11    0.4410869717E-05    0.1867203366E-10    0.1248996209E-11    0.3995607339E-04    0.5236228120E-05    0.2842555476E-05    0.1001978327E-05    0.2854268208E-10    0.7809235220E-05    0.1276057882E-10    0.9073527133E-12    0.7436847297E-05    0.7288305282E-06    0.8749177872E-11    0.7571746408E-04
      77.000    0.9354639079E+00    0.1837291339E-04    0.3675015184E-11    0.6906436424E-10    0.8210201901E-11    0.4229526638E-05    0.2080032865E-09    0.4411202763E-11    0.3919384196E-04    0.4392360502E-05    0.5007259908E-05    0.9497079547E-06    0.7774914372E-10    0.7416120701E-05    0.2158660150E-10    0.3432135731E-11    0.7419616656E-05    0.8205929465E-06    0.4492429427E-11    0.7379186832E-04
      78.000    0.9358780881E+00    0.1980061855E-04    0.5419046522E-11    0.5123751716E-11    0.1018293751E-10    0.3989469019E-05    0.2633545930E-10    0.5450495881E-11    0.3766638594E-04    0.3428858943E-05    0.7373874598E-05    0.9359883921E-06    0.1336163090E-10    0.6966399272E-05    0.1059932421E-10    0.2844808039E-11    0.7370866608E-05    0.8977786574E-06    0.4099289302E-11    0.7006062823E-04
