       0.000    0.9924480509E+00    0.9099746346E-06    0.1058090985E-17    0.8428882056E-12    0.4213750399E-16    0.1197076922E-06    0.5349190218E-14    0.2937189400E-16    0.5722928574E-04    0.1506420758E-05    0.4065984975E-05    0.7382116035E-08    0.2684385045E-14    0.1830435768E-04    0.1909456215E-13    0.8554390389E-16    0.7229865089E-05    0.7748479170E-06    0.2066472026E-17    0.5165535168E-04
       1.000    0.9924480327E+00    0.8975810313E-06    0.8481773750E-16    0.4996475160E-11    0.1253105568E-14    0.1213066081E-06    0.9224628563E-11    0.4345807130E-15    0.5722938556E-04    0.1516206255E-05    0.4065964761E-05    0.5210593610E-08    0.2181570426E-11    0.1830458102E-04    0.2306288621E-11    0.9924813538E-15    0.7225224524E-05    0.7752251637E-06    0.2267280166E-16    0.5165561380E-04
       2.000    0.9924480154E+00    0.9231670774E-06    0.1387748417E-15    0.4913889652E-11    0.1546948306E-14    0.1180995183E-06    0.9406919432E-11    0.1912341234E-15    0.5722899529E-04    0.1496225722E-05    0.4065998651E-05    0.1005963843E-07    0.2097894407E-11    0.1830412703E-04    0.2196016916E-11    0.1381136551E-15    0.7233871254E-05    0.7744101204E-06    0.2700179954E-16    0.5165507185E-04
       3.000    0.9924475247E+00    0.9924002699E-06    0.2634610273E-14    0.1888501256E-09    0.6545066587E-13    0.1095258104E-06    0.3994682510E-09    0.7974036213E-14    0.5722868855E-04    0.1445457709E-05    0.4066118187E-05    0.3709465787E-07    0.9791379875E-10    0.1830288902E-04    0.1013761261E-09    0.2028944292E-13    0.7263249983E-05    0.7726077782E-06    0.4711052342E-14    0.5165380175E-04
       4.000    0.9924427542E+00    0.6311798472E-06    0.7047871981E-13    0.2664919536E-08    0.1054624777E-11    0.1626833765E-06    0.5755635947E-08    0.1368339632E-12    0.5722993653E-04    0.1766031626E-05    0.4065431199E-05    0.1316584713E-06    0.1391403340E-08    0.1830957356E-04    0.1436582343E-08    0.4090976443E-12    0.7109045580E-05    0.7837975515E-06    0.2587825406E-14    0.5166203433E-04
       5.000    0.9924303011E+00    0.1642175777E-05    0.9799145424E-13    0.1056247775E-07    0.2794648378E-11    0.5386022509E-07    0.2287425087E-07    0.6873396020E-12    0.5721600121E-04    0.1105546680E-05    0.4066800900E-05    0.8821478496E-06    0.5507328523E-08    0.1829197823E-04    0.5691641065E-08    0.1426732433E-11    0.7474051005E-05    0.7569038130E-06    0.9923875020E-12    0.5164427763E-04
       6.000    0.9924079736E+00    0.2772164613E-06    0.1889465183E-11    0.1987620285E-07    0.1124250419E-10    0.2541748166E-06    0.4348603961E-07    0.1450063616E-11    0.5721805771E-04    0.2321729656E-05    0.4064431599E-05    0.1264425671E-05    0.1040823151E-07    0.1831564484E-04    0.1075672551E-07    0.6143728311E-11    0.6912394431E-05    0.8004246603E-06    0.2299781086E-11    0.5167816071E-04
       7.000    0.9923916467E+00    0.1917152843E-05    0.2093325777E-11    0.1777731653E-07    0.2574722165E-11    0.3915471668E-07    0.3869963920E-07    0.2682718290E-11    0.5717206592E-04    0.1008464523E-05    0.4067661583E-05    0.1454070088E-05    0.9193231896E-08    0.1828058267E-04    0.9578527938E-08    0.1620505405E-10    0.7538698902E-05    0.7506194191E-06    0.1650133907E-10    0.5165067899E-04
       8.000    0.9923698429E+00    0.6119683446E-06    0.2282744886E-10    0.2594569263E-08    0.2574392798E-10    0.1647476244E-06    0.6239813580E-08    0.6542991413E-11    0.5713775136E-04    0.1781382207E-05    0.4067852775E-05    0.1578204577E-06    0.1441252080E-08    0.1828507627E-04    0.1497084842E-08    0.5623999993E-10    0.7120359776E-05    0.7855449185E-06    0.4824180249E-10    0.5169120843E-04
       9.000    0.9922957092E+00    0.4180318060E-06    0.8718833157E-10    0.1044231191E-07    0.9497912126E-10    0.2112121250E-06    0.2284133388E-07    0.2369361562E-10    0.5703554874E-04    0.2039221731E-05    0.4070724261E-05    0.6112341837E-06    0.5799477417E-08    0.1826702700E-04    0.5802653829E-08    0.1929419504E-09    0.6974256355E-05    0.7913197242E-06    0.1605566988E-09    0.5173504923E-04
      10.000    0.9921068431E+00    0.3675405890E-05    0.2888225772E-09    0.9339224127E-07    0.1032684415E-09    0.2002073613E-08    0.1978002346E-06    0.8625730026E-10    0.5684203425E-04    0.7702546851E-06    0.4080235856E-05    0.6748115877E-05    0.4696311109E-07    0.1817272972E-04    0.4886913850E-07    0.7096141633E-09    0.7977582444E-05    0.7239579360E-06    0.5604700576E-09    0.5175975481E-04
      11.000    0.9918011472E+00    0.5407269200E-06    0.1122898679E-08    0.2235035496E-06    0.8343910304E-09    0.7767409515E-06    0.4898258507E-06    0.2357354578E-09    0.5661884156E-04    0.5428122045E-05    0.4080565630E-05    0.1569991459E-04    0.1219275396E-06    0.1818363213E-04    0.1239097750E-06    0.1723845236E-08    0.6206523838E-05    0.8616310695E-06    0.1284846725E-08    0.5198549552E-04
      12.000    0.9915160290E+00    0.7596756815E-05    0.2531562915E-08    0.3201789148E-06    0.5915839687E-09    0.8330553370E-07    0.6959210295E-06    0.5076195837E-09    0.5616419462E-04    0.1190270628E-05    0.4104251247E-05    0.2277876534E-04    0.1581175776E-06    0.1796096838E-04    0.1658842625E-06    0.4095216547E-08    0.8637556018E-05    0.6786476987E-06    0.3103128265E-08    0.5204579193E-04
      13.000    0.9913368132E+00    0.5325899102E-06    0.6801319327E-08    0.2076501641E-06    0.2475401906E-08    0.7718232238E-06    0.4521336840E-06    0.8228268249E-09    0.5571151244E-04    0.5386135358E-05    0.4116757487E-05    0.1558867749E-04    0.1217663175E-06    0.1789358400E-04    0.1215577320E-06    0.7273572953E-08    0.6245776023E-05    0.8620624869E-06    0.5420991905E-08    0.5245689503E-04
      14.000    0.9911788085E+00    0.2542363555E-05    0.1374984994E-07    0.4988595261E-07    0.3049264526E-08    0.1613025191E-07    0.1241526540E-06    0.1310227700E-08    0.5491010243E-04    0.7322826944E-06    0.4154359242E-05    0.3339907365E-05    0.1913367666E-07    0.1757680354E-04    0.2130002403E-07    0.1348571640E-07    0.7660998451E-05    0.7315872251E-06    0.1032750444E-07    0.5280234614E-04
      15.000    0.9906936652E+00    0.2423436018E-05    0.2890308513E-07    0.6023444936E-07    0.5940153190E-08    0.1558712351E-07    0.1540106908E-06    0.2384846360E-08    0.5385597900E-04    0.7359414213E-06    0.4195168852E-05    0.3250832768E-05    0.2190863374E-07    0.1718212604E-04    0.2267994249E-07    0.2471631809E-07    0.7753223640E-05    0.7372252002E-06    0.1875635608E-07    0.5347241167E-04
      16.000    0.9896276480E+00    0.1921700809E-05    0.5629661376E-07    0.3899583616E-06    0.1294981859E-07    0.1200826960E-05    0.7440211633E-06    0.4306178404E-08    0.5246013297E-04    0.7975753037E-05    0.4234705579E-05    0.3046884690E-04    0.2565033615E-06    0.1674223228E-04    0.2472701204E-06    0.4123704802E-07    0.5825289635E-05    0.8875823345E-06    0.3286922754E-07    0.5457145300E-04
      17.000    0.9882113046E+00    0.1771415958E-04    0.9962825132E-07    0.1197118857E-05    0.1703123293E-07    0.6543410573E-06    0.2836011150E-05    0.8464025101E-08    0.5050968210E-04    0.4157127885E-05    0.4314068460E-05    0.7648127395E-04    0.5325830318E-06    0.1585961367E-04    0.5608129973E-06    0.7301982105E-07    0.1005636763E-04    0.6007558039E-06    0.5735130009E-07    0.5565505456E-04
      18.000    0.9869969093E+00    0.9554027228E-05    0.1728216316E-06    0.1157001744E-05    0.3392786798E-07    0.2761700337E-05    0.2208635804E-05    0.1123488226E-07    0.4853090959E-04    0.1776672061E-04    0.4393273092E-05    0.9471315073E-04    0.7599720635E-06    0.1515391639E-04    0.7436523360E-06    0.1056696572E-06    0.5167102269E-05    0.9880865853E-06    0.8455629984E-07    0.5752985042E-04
      19.000    0.9864138918E+00    0.1565756720E-04    0.2723222203E-06    0.1171082863E-05    0.4325644019E-07    0.5629771082E-06    0.2963360685E-05    0.1571090996E-07    0.4587409502E-04    0.3304896387E-05    0.4552618381E-05    0.6955198383E-04    0.4844311313E-06    0.1388828101E-04    0.4933840867E-06    0.1584549039E-06    0.9836190182E-05    0.5978948535E-06    0.1249662815E-06    0.5912724633E-04
      20.000    0.9859491014E+00    0.8536436249E-06    0.4322435141E-06    0.1003983559E-06    0.7285907536E-07    0.8029029896E-06    0.1139097264E-06    0.1865114294E-07    0.4307236673E-04    0.5921212805E-05    0.4741383033E-05    0.1545310971E-04    0.1635177466E-06    0.1267397436E-04    0.1274954433E-06    0.2206126245E-06    0.6361429007E-05    0.8472063103E-06    0.1705770119E-06    0.6166107631E-04
      21.000    0.9845922840E+00    0.9126580849E-07    0.6569792440E-06    0.9127911729E-08    0.1116270603E-06    0.4382404399E-06    0.4273245993E-08    0.2621971916E-07    0.3954466411E-04    0.3542078542E-05    0.4982695296E-05    0.4303197175E-05    0.8893773554E-07    0.1115199867E-04    0.4705077110E-07    0.3112345299E-06    0.6634381014E-05    0.7902100914E-06    0.2422738516E-06    0.6466873000E-04
      22.000    0.9817410139E+00    0.1501681764E-04    0.9862679213E-06    0.1611296935E-05    0.1832763893E-06    0.6097663981E-06    0.3993106945E-05    0.4559980470E-07    0.3533988405E-04    0.3206985046E-05    0.5268014363E-05    0.7541241524E-04    0.6353907566E-06    0.9352461693E-05    0.5345664443E-06    0.4560330273E-06    0.1018614389E-04    0.5878514515E-06    0.3468966317E-06    0.6839306438E-04
      23.000    0.9780503775E+00    0.2430676546E-04    0.1430758676E-05    0.1763404240E-05    0.2740255971E-06    0.4803299886E-05    0.3244376701E-05    0.6207609422E-07    0.3115528547E-04    0.3151422618E-04    0.5574075397E-05    0.1810271452E-03    0.1427987293E-05    0.7692157953E-05    0.1488834935E-05    0.6046348546E-06    0.4828911568E-05    0.1059919326E-05    0.4751375469E-06    0.7355285629E-04
      24.000    0.9751857556E+00    0.3990211491E-04    0.2017113311E-05    0.4702366230E-05    0.4142589918E-06    0.2764742857E-05    0.1059705779E-04    0.9243247759E-07    0.2625499662E-04    0.1464676515E-04    0.5963132391E-05    0.2360428249E-03    0.1973665884E-05    0.5761508340E-05    0.1661107351E-05    0.8193918023E-06    0.1296531726E-04    0.4700426442E-06    0.6480328824E-06    0.7843233791E-04
      25.000    0.9738259319E+00    0.2446494598E-04    0.2797028326E-05    0.1239845127E-05    0.5563335069E-06    0.4522742731E-05    0.2639278943E-05    0.9665650244E-07    0.2209603832E-04    0.3034171764E-04    0.6413571603E-05    0.1673720132E-03    0.1288593046E-05    0.4219978373E-05    0.1396670065E-05    0.9933269759E-06    0.5157039486E-05    0.1050107849E-05    0.8111983602E-06    0.8495663692E-04
      26.000    0.9731175134E+00    0.7980500676E-05    0.3799877167E-05    0.1717385555E-05    0.8155362303E-06    0.2952750609E-06    0.3470812114E-05    0.1166338088E-06    0.1741869573E-04    0.1341119754E-05    0.6938139584E-05    0.4805763828E-04    0.6933450281E-06    0.2764233441E-05    0.2762963142E-06    0.1232196790E-05    0.9614670054E-05    0.5971218134E-06    0.1033211127E-05    0.9118663672E-04
      27.000    0.9708277548E+00    0.9705233716E-06    0.5098282780E-05    0.7164308908E-06    0.1208739773E-05    0.2566762926E-07    0.1060211212E-05    0.1507918113E-06    0.1312011197E-04    0.9767686960E-06    0.7490233092E-05    0.3269176319E-05    0.3956566205E-06    0.1717096519E-05    0.1138089939E-07    0.1503552612E-05    0.8367242259E-05    0.7097756379E-06    0.1273300329E-05    0.9895802683E-04
      28.000    0.9659131396E+00    0.1928667358E-04    0.6641061895E-05    0.3961266122E-06    0.1723809477E-05    0.3291078830E-05    0.1540682332E-05    0.1995989610E-06    0.9273130055E-05    0.2300080309E-04    0.8028003983E-05    0.1129485885E-03    0.8962326314E-06    0.1148813021E-05    0.1058734543E-05    0.1762856388E-05    0.5572293528E-05    0.9858154474E-06    0.1561295427E-05    0.1081438925E-03
      29.000    0.9598465360E+00    0.4581547576E-04    0.8411925082E-05    0.8352355172E-05    0.2704776087E-05    0.3807701258E-05    0.1347519793E-04    0.2970248000E-06    0.5662395888E-05    0.1975401970E-04    0.8539864897E-05    0.2999725414E-03    0.3240144511E-05    0.1190947564E-05    0.1980585998E-05    0.2108618442E-05    0.1469661776E-04    0.4475566896E-06    0.1869366062E-05    0.1173562163E-03
      30.000    0.9538061775E+00    0.6876299464E-04    0.1038693811E-04    0.1532284859E-05    0.4131935644E-05    0.8918745805E-05    0.7805804821E-05    0.1797279298E-06    0.4394758923E-05    0.6033270232E-04    0.9137829447E-05    0.3868169546E-03    0.7857606784E-05    0.8334129461E-05    0.5080488637E-05    0.2653693336E-05    0.5004112002E-05    0.1425545641E-05    0.3264091098E-05    0.1394439291E-03
      31.000    0.9529510262E+00    0.4659973450E-04    0.1279187187E-04    0.8904903813E-05    0.5561721483E-05    0.3886929996E-05    0.1270678050E-04    0.6727025123E-06    0.3088844587E-05    0.1890084617E-04    0.9724100310E-05    0.2876267331E-03    0.3704507793E-05    0.5370045259E-05    0.1662681795E-05    0.2908470862E-05    0.1495449165E-04    0.4687619898E-06    0.2828252977E-05    0.1446914568E-03
      32.000    0.9531052942E+00    0.1928290733E-04    0.1479236404E-04    0.6485718794E-07    0.6247287880E-05    0.2720474498E-05    0.1425751773E-05    0.4534106511E-06    0.5868977948E-06    0.2014651522E-04    0.1057448860E-04    0.9419029940E-04    0.8079845233E-06    0.4427491864E-05    0.9202863492E-06    0.2515984315E-05    0.6550189498E-05    0.1021007597E-05    0.2317970114E-05    0.1485050160E-03
      33.000    0.9506533436E+00    0.3915659044E-05    0.1736070077E-04    0.1292726037E-05    0.8556423110E-05    0.1672670403E-06    0.4792988758E-06    0.5793428219E-06    0.1931229643E-05    0.3234947830E-05    0.1140434275E-04    0.4191112697E-06    0.7441210365E-06    0.8281759562E-05    0.3491121585E-07    0.2812751730E-05    0.8249461244E-05    0.7790948554E-06    0.2793697040E-05    0.1617920867E-03
      34.000    0.9449932682E+00    0.2509003005E-04    0.1984226527E-04    0.7310435583E-05    0.1163989730E-04    0.1449571991E-05    0.5610334367E-05    0.7473613522E-06    0.3472964014E-05    0.7573193629E-05    0.1208340893E-04    0.1247690706E-03    0.2898942664E-05    0.1182820106E-04    0.7617792131E-06    0.3017076671E-05    0.1280793694E-04    0.5636606126E-06    0.3036335759E-05    0.1724348267E-03
      35.000    0.9377636843E+00    0.6305448848E-04    0.2207765906E-04    0.8567445442E-06    0.1431021177E-04    0.8285486822E-05    0.8671830967E-05    0.9266916911E-06    0.6040368926E-05    0.5654678518E-04    0.1263756470E-04    0.3665889885E-03    0.1956363117E-05    0.1527626549E-04    0.3301420348E-05    0.3082959375E-05    0.5570935451E-05    0.1280987870E-05    0.3295489556E-05    0.1837531734E-03
      36.000    0.9326453940E+00    0.9278190612E-04    0.2378144525E-04    0.1748389712E-04    0.1894841420E-04    0.7428652212E-05    0.1648998955E-04    0.1051113235E-05    0.8887991080E-05    0.3902468689E-04    0.1308266746E-04    0.4899437429E-03    0.7244284291E-05    0.1948788335E-04    0.3208561834E-05    0.3157183362E-05    0.1837755193E-04    0.4091747114E-06    0.3504435596E-05    0.1925147462E-03
      37.000    0.9313435299E+00    0.6145262767E-04    0.2517132373E-04    0.6368339032E-06    0.2174385294E-04    0.8455773981E-05    0.9817717053E-05    0.1266612162E-05    0.1218069683E-04    0.5911285905E-04    0.1349444261E-04    0.3868084051E-03    0.1824643851E-05    0.2289618164E-04    0.3496305586E-05    0.2998249455E-05    0.5916151338E-05    0.1372756357E-05    0.3594740047E-05    0.2024876704E-03
      38.000    0.9322603995E+00    0.4194575900E-04    0.2631474578E-04    0.9332123378E-05    0.2694620625E-04    0.1885898325E-05    0.4502269567E-05    0.1408891701E-05    0.1494790865E-04    0.1077156617E-04    0.1381550122E-04    0.1376395384E-03    0.3734129867E-05    0.2641564620E-04    0.6834771733E-06    0.2817544812E-05    0.1351865842E-04    0.5998821962E-06    0.3619863859E-05    0.2083671705E-03
      39.000    0.9316161566E+00    0.1257166885E-04    0.2769353303E-04    0.2585190133E-05    0.3143172940E-04    0.1303496978E-06    0.6774385950E-07    0.1657962751E-05    0.1756854074E-04    0.6314284460E-05    0.1395674773E-04    0.4826168583E-05    0.1372422824E-05    0.2901491770E-04    0.6079237395E-07    0.2658621762E-05    0.9432471218E-05    0.9184015250E-06    0.3645535470E-05    0.2137804164E-03
      40.000    0.9277076947E+00    0.1660846200E-04    0.2889454616E-04    0.2543450882E-06    0.3574799378E-04    0.2428926856E-05    0.3239316016E-05    0.1871991381E-05    0.1870468894E-04    0.2444422886E-04    0.1381198018E-04    0.1097531334E-03    0.5927368543E-06    0.2931129218E-04    0.1201899205E-05    0.2418462036E-05    0.7093250144E-05    0.1178185863E-05    0.3663932210E-05    0.2149409489E-03
      41.000    0.9219035920E+00    0.1124356568E-03    0.2981543046E-04    0.1600780528E-04    0.4139171765E-04    0.5542028527E-05    0.9560877546E-05    0.2077062043E-05    0.2393299475E-04    0.3049796535E-04    0.1309695492E-04    0.3436475914E-03    0.7030041870E-05    0.3211195170E-04    0.1997076948E-05    0.2536279570E-05    0.1734730887E-04    0.6130955484E-06    0.3837531514E-05    0.2123910955E-03
      42.000    0.9184707270E+00    0.4716438296E-04    0.3074592541E-04    0.1435813596E-05    0.4489412276E-04    0.9851668064E-05    0.1451734270E-04    0.2109801735E-05    0.1885696167E-04    0.7567080696E-04    0.1301233512E-04    0.5045111682E-03    0.1640687262E-05    0.2793706376E-04    0.4357897143E-05    0.2379686657E-05    0.5802798460E-05    0.1644847309E-05    0.3763713949E-05    0.2135102150E-03
      43.000    0.9187993851E+00    0.1443352430E-03    0.3109133855E-04    0.1690243210E-04    0.5113781397E-04    0.6661094639E-05    0.1115642968E-04    0.2007656622E-05    0.1760865191E-04    0.3516501089E-04    0.1273073619E-04    0.3901906918E-03    0.7790049274E-05    0.2679208325E-04    0.2349671157E-05    0.2294514684E-05    0.1789686630E-04    0.5680485213E-06    0.3639549907E-05    0.2103978030E-03
      44.000    0.9216987508E+00    0.1206809615E-04    0.3173308782E-04    0.7497451362E-06    0.5307809533E-04    0.3392898192E-05    0.4471692260E-05    0.2298832523E-05    0.1599928684E-04    0.3607164294E-04    0.1238133051E-04    0.1759040492E-03    0.6255664792E-06    0.2389692396E-04    0.1627384409E-05    0.2242381921E-05    0.6841122578E-05    0.1388990834E-05    0.3456396109E-05    0.2063150221E-03
      45.000    0.9235185528E+00    0.4272448968E-04    0.3267214979E-04    0.3931517484E-05    0.5656297950E-04    0.3721808896E-07    0.2249247944E-06    0.2271172097E-05    0.1323426688E-04    0.8731715229E-05    0.1215817186E-04    0.1040516039E-04    0.1937715239E-05    0.2094199490E-04    0.3216423251E-08    0.2216140637E-05    0.1020963562E-04    0.9555835498E-06    0.3335011067E-05    0.2001345730E-03
      46.000    0.9222868619E+00    0.8635170999E-04    0.3414884736E-04    0.6944181448E-05    0.5908605208E-04    0.9246789164E-06    0.2391719666E-05    0.2144041736E-05    0.1059500405E-04    0.1137914427E-04    0.1192124637E-04    0.7389700505E-04    0.3624761727E-05    0.1788563430E-04    0.2486915689E-06    0.2332280800E-05    0.1272647500E-04    0.8517692205E-06    0.3331713953E-05    0.1927309110E-03
      47.000    0.9195018394E+00    0.6086190616E-05    0.3581904548E-04    0.2182255231E-05    0.5885123842E-04    0.5758562240E-05    0.6762120915E-05    0.2137194199E-05    0.7802765590E-05    0.5242084689E-04    0.1161090804E-04    0.2800195526E-03    0.3341503844E-06    0.1392705876E-04    0.2617059192E-05    0.2588627281E-05    0.6029284742E-05    0.1540844890E-05    0.3419466388E-05    0.1829864922E-03
      48.000    0.9178393551E+00    0.2202673351E-03    0.3772968829E-04    0.1393301165E-04    0.6119420226E-04    0.5721108060E-05    0.1293444935E-04    0.1745798705E-05    0.4986339073E-05    0.3543766047E-04    0.1172191054E-04    0.3819439736E-03    0.7816048637E-05    0.1134570200E-04    0.2136193153E-05    0.2784579371E-05    0.1798932757E-04    0.6199341547E-06    0.3527473188E-05    0.1748409776E-03
      49.000    0.9194357174E+00    0.2834335718E-05    0.3991689023E-04    0.4009211248E-05    0.5968512540E-04    0.7867261949E-05    0.7703939438E-05    0.1958649016E-05    0.3289502118E-05    0.6223109262E-04    0.1164817408E-04    0.3479587180E-03    0.3522719530E-06    0.8399653290E-05    0.3155805456E-05    0.3121214109E-05    0.5630016179E-05    0.1596872155E-05    0.3554559332E-05    0.1656662054E-03
      50.000    0.9227145658E+00    0.1640634389E-03    0.4127176282E-04    0.7071595965E-05    0.6028689754E-04    0.1328592071E-05    0.5957938074E-05    0.1713374116E-05    0.1628938145E-05    0.1597856371E-04    0.1191160426E-04    0.1413855534E-03    0.4198965029E-05    0.6598112326E-05    0.6226730309E-06    0.3071561992E-05    0.1372839244E-04    0.7349077621E-06    0.3470846506E-05    0.1582337241E-03
      51.000    0.9254406942E+00    0.5286878497E-04    0.4255899683E-04    0.2917886034E-05    0.5841598092E-04    0.9775049476E-06    0.6788787184E-07    0.1727479693E-05    0.7968079392E-06    0.1593943540E-04    0.1190188547E-04    0.2491440368E-04    0.5400885979E-06    0.4693081989E-05    0.2474149494E-06    0.3041004150E-05    0.8182998000E-05    0.1100601839E-05    0.3304676060E-05    0.1494378621E-03
      52.000    0.9257967031E+00    0.4444412970E-04    0.4465451080E-04    0.3201051146E-05    0.5660185827E-04    0.1966253123E-05    0.2953984275E-06    0.1576788898E-05    0.4118769402E-06    0.1960287240E-04    0.1175186708E-04    0.4268812816E-04    0.1514746941E-06    0.3223140254E-05    0.4593667634E-06    0.2976646496E-05    0.7077369752E-05    0.1131209809E-05    0.3227297746E-05    0.1409108910E-03
      53.000    0.9246413667E+00    0.1990663594E-03    0.4672602800E-04    0.5887421486E-05    0.5491475828E-04    0.9309725059E-06    0.6741383111E-05    0.1312165476E-05    0.5765205854E-06    0.1689353751E-04    0.1149298273E-04    0.1565543231E-03    0.3414962915E-05    0.2079723393E-05    0.9167592244E-06    0.2786871665E-05    0.1371468067E-04    0.6968784398E-06    0.3077470491E-05    0.1327950347E-03
      54.000    0.9243514145E+00    0.1396184003E-04    0.4814758902E-04    0.7147192960E-05    0.5267384501E-04    0.8007332253E-05    0.4338536762E-05    0.1336646623E-05    0.9517012938E-06    0.4715598831E-04    0.1086805056E-04    0.2450310659E-03    0.4275498445E-06    0.1004319050E-05    0.2049117001E-05    0.2669586731E-05    0.4818459598E-05    0.1399821941E-05    0.2831381263E-05    0.1233779725E-03
      55.000    0.9255481858E+00    0.2320530653E-03    0.4892382631E-04    0.5366865020E-05    0.5069100480E-04    0.1312896798E-05    0.8949458702E-05    0.1071555515E-05    0.2105828894E-05    0.1984346335E-04    0.1038230343E-04    0.2050812159E-03    0.3096386573E-05    0.4736080279E-06    0.1422171415E-05    0.2141618981E-05    0.1411939619E-04    0.6357039332E-06    0.2447754199E-05    0.1169409264E-03
      56.000    0.9280975643E+00    0.4194952343E-04    0.4918968593E-04    0.6116308326E-05    0.4828325526E-04    0.4449437935E-05    0.1064418670E-05    0.1028872418E-05    0.3024590929E-05    0.2506180111E-04    0.9498138371E-05    0.9867066862E-04    0.1595577825E-06    0.1040550873E-06    0.7582098180E-06    0.1799149654E-05    0.5432824423E-05    0.1197012728E-05    0.2032493234E-05    0.1103008133E-03
      57.000    0.9300216159E+00    0.1266299044E-03    0.4821333279E-04    0.3360622681E-05    0.4534889040E-04    0.2458779905E-06    0.1417600932E-05    0.8182172762E-06    0.4624212673E-05    0.6188869890E-05    0.8637641418E-05    0.1484613028E-04    0.3543443425E-06    0.1562693757E-08    0.1181060064E-06    0.1320786919E-05    0.8819332763E-05    0.8373079920E-06    0.1648134263E-05    0.1059113569E-03
      58.000    0.9307456577E+00    0.1263664215E-03    0.4651966825E-04    0.3361762905E-05    0.4201391927E-04    0.3041797714E-06    0.1438172690E-05    0.6482852798E-06    0.6431165979E-05    0.5554088045E-05    0.7616606814E-05    0.1599206979E-04    0.3081535602E-06    0.7013944797E-07    0.1352168652E-06    0.9973549582E-06    0.8752001494E-05    0.8374462002E-06    0.1316337398E-05    0.1013298269E-03
      59.000    0.9307182512E+00    0.6231588599E-04    0.4500277722E-04    0.6885503463E-05    0.3935511642E-04    0.2903367636E-05    0.6668038282E-06    0.5481371225E-06    0.8292129497E-05    0.1619492153E-04    0.6617150878E-05    0.6017188366E-04    0.2484678182E-06    0.3430220375E-06    0.4238325258E-06    0.8032631482E-06    0.5076064632E-05    0.1083150407E-05    0.1083266139E-05    0.9665706941E-04
      60.000    0.9307749618E+00    0.1798173094E-03    0.4308073935E-04    0.2540125292E-05    0.3611767279E-04    0.1183274108E-05    0.5155277991E-05    0.4084863933E-06    0.1091225962E-04    0.1017225597E-04    0.5918938906E-05    0.1080813251E-03    0.1174652952E-05    0.6945137029E-06    0.9009176865E-06    0.6263044543E-06    0.1115533469E-04    0.6803264894E-06    0.8903347403E-06    0.9243278252E-04
      61.000    0.9317859471E+00    0.6524957898E-04    0.4099356053E-04    0.8429623259E-05    0.3432250619E-04    0.2696066054E-05    0.1344080353E-05    0.3453883988E-06    0.1320700887E-04    0.1715676621E-04    0.5305076048E-05    0.8134188685E-04    0.4350757355E-06    0.1277153310E-05    0.5961126880E-06    0.5714629366E-06    0.4491290003E-05    0.1095905945E-05    0.7045096887E-06    0.8800941655E-04
      62.000    0.9330801610E+00    0.1391665022E-03    0.3851215091E-04    0.2452190482E-05    0.3175137311E-04    0.7119401647E-06    0.2516549854E-05    0.2517599153E-06    0.1601041934E-04    0.4308381133E-05    0.5088105817E-05    0.4460994482E-04    0.6196686493E-06    0.1745747965E-05    0.3657947889E-06    0.5041578688E-06    0.9121895440E-05    0.7327102777E-06    0.5713394226E-06    0.8475856497E-04
      63.000    0.9342834942E+00    0.8973599488E-04    0.3553182934E-04    0.5308163664E-05    0.3023205126E-04    0.3406999692E-06    0.2784506147E-06    0.2113798546E-06    0.1851938907E-04    0.4086525714E-05    0.4988833518E-05    0.5266685311E-05    0.4328581866E-07    0.2320287901E-05    0.3941519516E-07    0.4960578296E-06    0.5878062059E-05    0.9043534612E-06    0.4705281694E-06    0.8236336280E-04
      64.000    0.9349524467E+00    0.9320967604E-04    0.3244381134E-04    0.4914970812E-05    0.2886380075E-04    0.1238974964E-06    0.4015845637E-06    0.1870835570E-06    0.2112853888E-04    0.2702015500E-05    0.5121421247E-05    0.1371718975E-05    0.5011288526E-07    0.2834220976E-05    0.1393604868E-07    0.4742382374E-06    0.5930019985E-05    0.8580002778E-06    0.4113949791E-06    0.8031547504E-04
      65.000    0.9353355937E+00    0.1067161093E-03    0.2935421756E-04    0.2750314899E-05    0.2779757355E-04    0.4548251600E-06    0.1044816585E-05    0.1789922524E-06    0.2386288695E-04    0.1470436263E-05    0.5419101805E-05    0.1679011026E-04    0.4670323824E-06    0.3344360555E-05    0.1361084385E-06    0.4446477461E-06    0.7597899444E-05    0.7450210749E-06    0.3629873453E-06    0.7780434909E-04
      66.000    0.9357961586E+00    0.8580422741E-04    0.2673928527E-04    0.6938657325E-05    0.2773383848E-04    0.2794720999E-06    0.1315161859E-05    0.1989171256E-06    0.2681183782E-04    0.6670238530E-05    0.5756901126E-05    0.2462073875E-04    0.2086693012E-07    0.4040380190E-05    0.1858582376E-06    0.4078074850E-06    0.4653017554E-05    0.9144605964E-06    0.3116094758E-06    0.7481477962E-04
      67.000    0.9364484280E+00    0.9488386094E-04    0.2481416713E-04    0.2418958664E-05    0.2744740421E-04    0.5959006605E-06    0.5816664564E-06    0.2161064561E-06    0.2964121249E-04    0.1112459546E-05    0.6173379047E-05    0.2002222063E-04    0.5250473118E-06    0.4690140837E-05    0.1694232534E-06    0.3438382306E-06    0.7465103469E-05    0.7171224056E-06    0.2605941005E-06    0.7111332335E-04
      68.000    0.9371603965E+00    0.8386269628E-04    0.2330830577E-04    0.5875949495E-05    0.2787202099E-04    0.1210907373E-06    0.8431020419E-06    0.2578532850E-06    0.3229783682E-04    0.4265754922E-05    0.6440526817E-05    0.9926216985E-05    0.3668062881E-08    0.5474258881E-05    0.6524700589E-07    0.2761515059E-06    0.5025746281E-05    0.8613480030E-06    0.1963117534E-06    0.6838450013E-04
      69.000    0.9378026469E+00    0.7870460909E-04    0.2188970293E-04    0.3760424696E-05    0.2817937442E-04    0.1736635150E-06    0.1143745989E-06    0.3120244642E-06    0.3419468027E-04    0.8958006723E-06    0.6574694731E-05    0.1136832756E-05    0.1407035683E-06    0.6130681198E-05    0.1334174336E-07    0.1878712737E-06    0.6175227656E-05    0.7706314507E-06    0.1372533011E-06    0.6632493656E-04
      70.000    0.9382981112E+00    0.7423325947E-04    0.2055453832E-04    0.4143838089E-05    0.2876895112E-04    0.2015114415E-06    0.1400994922E-06    0.3899290792E-06    0.3559017360E-04    0.1491586225E-05    0.6456742128E-05    0.7116653027E-07    0.7276874363E-07    0.6803586110E-05    0.1504931990E-08    0.1122022465E-06    0.5900027309E-05    0.7907835165E-06    0.8515076943E-07    0.6527388926E-04
      71.000    0.9387026678E+00    0.7384513926E-04    0.1954923890E-04    0.4926451823E-05    0.2936251517E-04    0.3778121521E-06    0.3637439154E-06    0.4790429213E-06    0.3682605290E-04    0.2952308986E-05    0.6117348670E-05    0.1802894549E-05    0.3667215037E-07    0.7562463485E-05    0.1032318954E-07    0.5500725300E-07    0.5429702704E-05    0.8246843746E-06    0.5022435540E-07    0.6431722703E-04
      72.000    0.9391043539E+00    0.6308078585E-04    0.1859269648E-04    0.3650811157E-05    0.2984782659E-04    0.3284423705E-06    0.2283406593E-07    0.5852381449E-06    0.3784447890E-04    0.1199031103E-05    0.5616361875E-05    0.2029869352E-05    0.5833918115E-07    0.8424302918E-05    0.1441577185E-07    0.1807988500E-07    0.6241751701E-05    0.7720480702E-06    0.2610797360E-07    0.6248469531E-04
      73.000    0.9394680940E+00    0.6711502899E-04    0.1771750879E-04    0.4799206292E-05    0.3018923137E-04    0.6581376249E-06    0.3577872929E-06    0.6991535526E-06    0.3922348032E-04    0.3303631826E-05    0.5032094021E-05    0.1365905047E-05    0.3740223880E-07    0.9421270244E-05    0.1218873143E-07    0.4171199184E-08    0.5574614307E-05    0.8167755203E-06    0.1582989702E-07    0.6013879778E-04
      74.000    0.9398349214E+00    0.5681125419E-04    0.1731687495E-04    0.4028172134E-05    0.3024258454E-04    0.5336430916E-06    0.9459139639E-07    0.8038870579E-06    0.4032254279E-04    0.1961750443E-05    0.4445632794E-05    0.6586110308E-06    0.9589714972E-08    0.1036789206E-04    0.2013389278E-08    0.3696464524E-08    0.6157964740E-05    0.7635453791E-06    0.1233329337E-07    0.5752639917E-04
      75.000    0.9401515706E+00    0.5694061092E-04    0.1717230945E-04    0.4382905907E-05    0.3011547863E-04    0.7707512819E-06    0.1653923039E-06    0.8932217880E-06    0.4116050797E-04    0.2639091487E-05    0.3907296842E-05    0.1516146819E-06    0.1591131011E-07    0.1117017494E-04    0.3333374084E-08    0.8177658095E-08    0.6017579704E-05    0.7579505247E-06    0.1566918195E-07    0.5575140564E-04
      76.000    0.9404282015E+00    0.5327975958E-04    0.1731325118E-04    0.4344919192E-05    0.2992380354E-04    0.8294476373E-06    0.1340735635E-06    0.9631353657E-06    0.4143848823E-04    0.2429657847E-05    0.3459018651E-05    0.2084475861E-06    0.1108649248E-07    0.1172792236E-04    0.1428616948E-08    0.1400107452E-07    0.6153561965E-05    0.7356557084E-06    0.1931960510E-07    0.5511683268E-04
      77.000    0.9406578882E+00    0.5069723369E-04    0.1763459891E-04    0.4320647504E-05    0.2975790784E-04    0.8799151598E-06    0.1114960205E-06    0.1026409715E-05    0.4130478200E-04    0.2257340356E-05    0.3135630294E-05    0.3268425943E-06    0.1279863526E-07    0.1209394754E-04    0.4834277738E-09    0.1803326524E-07    0.6249317102E-05    0.7254932944E-06    0.2302142400E-07    0.5547267454E-04
      78.000    0.9408410231E+00    0.4945260463E-04    0.1784140085E-04    0.4350500658E-05    0.2944284518E-04    0.9226817610E-06    0.8539487011E-07    0.1071168981E-05    0.4127424372E-04    0.2111789686E-05    0.2991337378E-05    0.3280970565E-06    0.1861253363E-07    0.1233608541E-04    0.1236835298E-09    0.1967567677E-07    0.6336616514E-05    0.7318884441E-06    0.2181320120E-07    0.5595069738E-04
