                  rmult       ke      pot     pulse     nuc     twoe  invdenma project  constrai     MPI 
T=       0.0500        0       58        0        0        0        0        0        0        0        0
T=       0.1525        1      125        0        0        0        1        0        0        0        0
T=       0.2601        1      180        0        0        0        2        0        0        0        0
T=       0.3731        2      238        0        0        0        3        1        0        0        0
T=       0.4918        2      296        0        0        0        5        1        0        0        0
T=       0.6164        3      354        0        0        0        6        1        0        0        0
T=       0.7472        3      400        0        0        0        7        2        0        0        0
T=       0.8846        4      465        1        0        0        8        2        0        0        0
T=       1.0288        5      523        1        0        0        9        2        0        0        0
T=       1.1802        5      580        1        0        0        9        3        0        0        0
T=       1.3392        6      649        1        0        0       10        3        0        0        0
T=       1.5062        6      714        1        0        0       11        3        0        0        0
T=       1.6815        7      772        1        0        0       13        4        0        0        0
T=       1.8656        7      834        1        0        0       14        4        0        0        0
T=       2.0589        8      887        2        0        0       15        4        0        0        0
T=       2.2618        9      942        2        0        0       16        5        0        0        0
T=       2.4749        9     1001        2        0        0       17        5        0        0        0
T=       2.6986       10     1050        2        0        0       18        5        0        0        0
T=       3.1802       10     1106        2        0        0       19        6        0        0        0
T=       3.1802       11     1169        2        0        0       20        6        0        0        0
T=       3.4393       11     1222        2        0        0       21        6        0        0        0
T=       3.7112       12     1280        3        0        0       22        7        0        0        0
T=       3.9968       13     1338        3        0        0       23        7        0        0        0
T=       4.2966       13     1397        3        0        0       24        7        0        0        0
T=       4.6115       14     1449        3        0        0       25        8        0        0        0
T=       4.9420       14     1505        3        0        0       26        8        0        0        0
T=       4.9420       15     1558        3        0        0       27        8        0        0        0
T=       5.2891       15     1611        3        0        0       28        9        1        0        0
T=       5.6536       16     1668        3        0        0       29        9        1        0        0
T=       6.0363       16     1715        4        0        0       30        9        1        0        0
T=       6.4381       17     1761        4        0        0       31       10        1        0        0
T=       6.4381       18     1818        4        0        0       32       10        1        0        0
T=       6.8600       18     1865        4        0        0       33       10        1        0        0
T=       7.3030       19     1911        4        0        0       34       11        1        0        0
T=       7.7681       19     1957        4        0        0       35       11        1        0        0
T=       8.2565       20     2004        4        0        0       36       11        1        0        0
T=       8.7694       20     2055        5        0        0       37       12        1        0        0
T=       9.3078       21     2114        5        0        0       38       12        1        0        0
T=       9.8732       22     2177        5        0        0       39       12        1        0        0
T=      10.4669       22     2232        5        0        0       40       13        1        0        0
T=      10.4669       23     2289        5        0        0       41       13        1        0        0
T=      11.0902       23     2349        5        0        0       42       13        1        0        0
T=      11.7447       24     2403        5        0        0       43       14        1        0        0
T=      11.7447       24     2455        6        0        0       44       14        1        0        0
T=      12.4320       25     2508        6        0        0       45       14        1        0        0
T=      13.1536       25     2564        6        0        0       46       15        1        0        0
T=      13.9113       26     2622        6        0        0       47       15        1        0        0
T=      14.7068       27     2676        6        0        0       48       15        1        0        0
T=      14.7068       27     2732        6        0        0       49       16        1        0        0
T=      15.5422       28     2783        6        0        0       50       16        1        0        0
T=      15.5422       28     2847        6        0        0       51       16        1        0        0
T=      16.4193       29     2903        7        0        0       52       17        1        0        0
T=      17.3402       29     2955        7        0        0       53       17        1        0        0
T=      17.3402       30     3012        7        0        0       54       17        1        0        0
T=      18.3072       31     3064        7        0        0       55       17        1        0        0
T=      19.3025       31     3116        7        0        0       56       18        1        0        0
T=      20.3025       32     3163        7        0        0       57       18        1        0        0
T=      20.3025       32     3216        7        0        0       58       18        1        0        0
T=      21.3025       33     3274        8        0        0       59       19        1        0        0
T=      21.3025       33     3323        8        0        0       60       19        1        0        0
T=      22.3025       34     3383        8        0        0       61       19        1        0        0
T=      23.3025       35     3443        8        0        0       62       20        1        0        0
T=      23.3025       35     3503        8        0        0       63       20        1        0        0
T=      24.3025       36     3557        8        0        0       64       20        1        0        0
T=      25.3025       36     3607        8        0        0       65       21        2        0        0
T=      25.3025       37     3663        9        0        0       66       21        2        0        0
T=      26.3025       37     3723        9        0        0       67       21        2        0        0
T=      27.3025       38     3775        9        0        0       68       22        2        0        0
T=      28.3025       38     3829        9        0        0       69       22        2        0        0
T=      28.3025       39     3882        9        0        0       70       22        2        0        0
T=      29.3025       40     3937        9        0        0       71       23        2        0        0
T=      30.3025       40     3994        9        0        0       72       23        2        0        0
T=      30.3025       41     4058        9        0        0       73       23        2        0        0
T=      31.3025       41     4105       10        0        0       74       24        2        0        0
T=      32.3025       42     4151       10        0        0       75       24        2        0        0
T=      33.3025       42     4200       10        0        0       76       24        2        0        0
T=      34.3025       43     4257       10        0        0       77       25        2        0        0
T=      35.3025       44     4318       10        0        0       78       25        2        0        0
T=      36.3025       44     4378       10        0        0       79       25        2        0        0
T=      37.3025       45     4430       10        0        0       80       26        2        0        0
T=      38.3025       45     4481       10        0        0       81       26        2        0        0
T=      39.3025       46     4536       11        0        0       82       26        2        0        0
T=      40.3025       46     4594       11        0        0       83       27        2        0        0
T=      41.3025       47     4644       11        0        0       84       27        2        0        0
T=      42.3025       48     4704       11        0        0       85       27        2        0        0
T=      43.3025       48     4753       11        0        0       86       28        2        0        0
T=      44.3025       49     4807       11        0        0       87       28        2        0        0
T=      46.3025       49     4859       11        0        0       88       28        2        0        0
T=      47.3025       50     4909       12        0        0       89       29        2        0        0
T=      48.3025       50     4964       12        0        0       90       29        2        0        0
T=      49.3025       51     5019       12        0        0       91       29        2        0        0
T=      50.3025       51     5072       12        0        0       92       30        2        0        0
T=      52.3025       52     5122       12        0        0       93       30        2        0        0
T=      53.3025       53     5176       12        0        0       94       30        2        0        0
T=      54.3025       53     5225       12        0        0       95       30        2        0        0
T=      56.3025       54     5276       13        0        0       96       31        2        0        0
T=      57.3025       54     5326       13        0        0       97       31        3        0        0
T=      59.3025       55     5381       13        0        0       98       31        3        0        0
T=      61.3025       55     5428       13        0        0       99       32        3        0        0
T=      63.3025       56     5476       13        0        0      100       32        3        0        0
T=      65.3025       56     5525       13        0        0      102       32        3        0        0
T=      65.3025       57     5571       13        0        0      103       33        3        0        0
T=      67.3025       58     5619       13        0        0      104       33        3        0        0
T=      69.3025       58     5667       14        0        0      105       33        3        0        0
T=       0.0000       59     5717       14        0        0      106       34        3        0        0
T=      72.3025       59     5773       14        0        0      107       34        3        0        0
T=      74.3025       60     5824       14        0        0      108       34        3        0        0
T=      76.3025       60     5871       14        0        0      109       35        3        0        0
T=      78.3025       61     5922       14        0        0      110       35        3        0        0
T=      80.3025       62     5980       14        0        0      111       35        3        0        0
T=      81.3025       62     6032       15        0        0      112       36        3        0        0
T=      83.3025       63     6087       15        0        0      113       36        3        0        0
T=      85.3025       63     6147       15        0        0      114       36        3        0        0
T=       0.0000       64     6205       15        0        0      115       37        4        0        0
T=      88.3025       64     6254       15        0        0      116       37        4        0        0
T=      90.3025       65     6306       15        0        0      117       37        4        0        0
T=      92.3025       66     6365       15        0        0      118       38        4        0        0
T=      94.3025       66     6426       15        0        0      119       38        4        0        0
T=      95.3025       67     6485       16        0        0      120       38        4        0        0
T=      97.3025       67     6549       16        0        0      121       39        4        0        0
T=      99.3025       68     6616       16        0        0      122       39        4        0        0
T=     101.3025       68     6672       16        0        0      123       39        4        0        0
T=     102.3025       69     6737       16        0        0      124       40        4        0        0
T=     104.3025       70     6796       16        0        0      125       40        4        0        0
T=     106.3025       70     6856       16        0        0      126       40        4        0        0
T=     109.3025       71     6907       16        0        0      127       41        4        0        0
T=     109.3025       71     6965       17        0        0      128       41        4        0        0
T=     110.3025       72     7023       17        0        0      129       41        4        0        0
T=     111.3025       72     7069       17        0        0      130       42        4        0        0
T=     112.3025       73     7123       17        0        0      131       42        4        0        0
T=     114.3025       73     7172       17        0        0      132       42        4        0        0
T=     115.3025       74     7224       17        0        0      133       43        5        0        0
T=     117.3025       75     7271       17        0        0      134       43        5        0        0
T=     119.3025       75     7323       18        0        0      135       43        5        0        0
T=     121.3025       76     7371       18        0        0      136       44        5        0        0
T=     123.3025       76     7418       18        0        0      137       44        5        0        0
T=     126.3025       77     7468       18        0        0      138       44        5        0        0
T=     126.3025       77     7519       18        0        0      139       45        5        0        0
T=     127.3025       78     7570       18        0        0      140       45        5        0        0
