           Time      matel     denmat    reduced    spfprop      aprop    advance  constrain    driving    #DERIVS
 T=       0.100         34         11          0         86        996          2        139          0         42
 T=       0.205         69         22          0        185       1620          4        295          0         40
 T=       0.315        104         34          0        256       2323          6        448          0         38
 T=       0.431        138         46          1        323       3076          8        516          0         36
 T=       0.553        173         57          1        395       3878         10        693          0         34
 T=       0.680        207         69          1        446       4729         12        783          0         32
 T=       0.814        242         80          2        516       5581         14        878          0         30
 T=       0.955        276         92          2        572       6439         16        971          0         28
 T=       1.103        311        103          2        618       7313         17       1260          0         26
 T=       1.258        346        115          3        671       8207         19       1466          0         24
 T=       1.421        380        126          3        767       9124         21       1567          0         44
 T=       1.592        415        138          3        829      10067         23       1668          0         27
 T=       1.771        449        149          4        876      11014         25       1767          0         25
 T=       1.960        484        161          4        965      11990         27       1959          0         46
 T=       2.158        519        173          4       1015      12973         29       2165          0         28
 T=       2.366        553        184          5       1071      13946         31       2258          0         28
 T=       2.584        587        196          5       1127      14891         33       2373          0         28
 T=       2.813        622        207          5       1172      15819         35       2568          0         28
 T=       3.054        657        219          6       1227      16735         37       2680          0         28
 T=       3.307        692        230          6       1339      17652         39       2801          0         56
 T=       3.572        727        242          6       1402      18605         41       2910          0         34
 T=       3.851        761        253          7       1470      19587         43       3024          0         34
 T=       4.143        796        265          7       1539      20605         45       3260          0         34
 T=       4.450        830        276          7       1599      21655         47       3357          0         34
 T=       4.773        864        288          7       1661      22734         48       3474          0         32
 T=       5.111        900        299          8       1769      23808         50       3725          0         60
 T=       5.467        934        311          8       1837      24891         52       3843          0         36
 T=       5.840        968        322          8       1896      25691         54       3964          0         36
 T=       6.232       1002        334          9       1952      26497         56       4075          0         36
 T=       6.644       1036        345          9       2022      27299         58       4196          0         36
 T=       7.076       1070        357          9       2079      28111         60       4310          0         36
 T=       7.530       1104        369         10       2136      28619         62       4544          0         36
 T=       8.006       1138        380         10       2193      29135         64       4681          0         36
 T=       8.507       1173        392         10       2256      29668         66       4823          0         36
 T=       9.032       1208        403         11       2327      30206         68       4966          0         36
 T=       9.584       1242        415         11       2401      30754         70       5108          0         36
 T=      10.163       1277        426         11       2463      31317         72       5246          0         34
 T=      10.771       1312        438         12       2591      31890         74       5388          0         64
 T=      11.410       1346        449         12       2660      32473         76       5525          0         38
 T=      12.080       1381        461         12       2727      33074         78       5658          0         38
 T=      12.784       1415        472         13       2799      33680         79       5778          0         38
 T=      13.523       1450        484         13       2871      34302         81       6042          0         38
 T=      14.299       1485        495         13       2946      34933         83       6170          0         38
 T=      15.114       1519        507         14       3079      35571         85       6293          0         76
 T=      15.970       1554        518         14       3174      36220         87       6438          0         46
 T=      16.869       1589        530         14       3259      36875         89       6563          0         46
 T=      17.812       1624        542         15       3346      37538         91       6702          0         46
 T=      18.803       1659        553         15       3428      38209         93       6824          0         46
 T=      19.803       1694        565         15       3497      38882         95       6928          0         43
 T=      20.803       1728        576         15       3570      39557         97       7065          0         40
 T=      21.803       1763        588         16       3711      40222         99       7200          0         76
 T=      22.803       1797        599         16       3803      40892        101       7481          0         46
 T=      23.803       1832        611         16       3896      41530        103       7622          0         46
 T=      24.803       1866        622         17       3979      42168        105       7745          0         46
 T=      25.803       1901        634         17       4064      42809        107       7878          0         46
 T=      26.803       1936        645         17       4156      43457        109       8178          0         46
 T=      27.803       1971        657         18       4236      44087        110       8299          0         46
 T=      28.803       2006        668         18       4319      44708        112       8437          0         46
 T=      29.803       2041        680         18       4410      45330        114       8593          0         46
 T=      30.803       2075        692         19       4504      45968        116       8885          0         46
 T=      31.803       2109        703         19       4571      46296        118       9000          0         43
 T=      32.803       2144        715         19       4634      46617        120       9148          0         40
 T=      33.803       2179        726         20       4705      46929        122       9287          0         38
 T=      34.803       2213        738         20       4781      47568        124       9597          0         36
 T=      35.803       2247        749         20       4849      47879        126       9741          0         34
 T=      36.803       2282        761         21       4905      48534        128       9908          0         32
 T=      37.803       2316        772         21       4959      49141        130      10034          0         30
 T=      38.803       2350        784         21       5011      49451        132      10184          0         28
 T=      39.803       2386        795         22       5067      49460        134      10333          0         26
 T=      40.803       2419        807         22       5105      49779        136      10453          0         24
 T=      41.803       2454        818         22       5193      49788        138      10627          0         44
 T=      42.803       2488        830         23       5236      49796        140      10746          0         27
 T=      43.803       2523        841         23       5287      49805        142      10920          0         25
 T=      44.803       2557        853         23       5324      49814        144      11039          0         23
 T=      45.803       2591        864         23       5361      50126        145      11227          0         21
 T=      46.803       2626        876         24       5431      50135        147      11362          0         40
 T=      47.803       2660        887         24       5477      50144        149      11506          0         25
 T=      48.803       2695        899         24       5527      50153        151      11652          0         25
 T=      49.803       2729        910         25       5571      50162        153      11783          0         25
 T=      50.803       2763        922         25       5618      50171        155      11952          0         25
 T=      51.803       2797        933         25       5662      50180        157      12080          0         25
 T=      52.803       2831        945         26       5710      50189        159      12241          0         25
 T=      53.803       2865        956         26       5751      50198        161      12358          0         25
 T=      54.803       2900        968         26       5797      50207        163      12526          0         25
 T=      55.803       2934        979         27       5835      50216        165      12643          0         23
 T=      56.803       2968        991         27       5873      50225        167      12818          0         21
 T=      57.803       3002       1002         27       5906      50234        169      12946          0         20
 T=      58.803       3037       1014         28       5945      50242        171      13109          0         19
 T=      59.803       3071       1025         28       5974      50251        173      13236          0         18
 T=      60.803       3105       1037         28       6003      50260        174      13408          0         17
 T=      61.803       3140       1048         29       6030      50571        176      13537          0         16
 T=      62.803       3174       1061         29       6055      50580        178      13688          0         15
 T=      63.803       3209       1072         29       6081      50589        180      13813          0         14
 T=      64.803       3243       1084         30       6103      50597        182      13974          0         13
 T=      65.803       3277       1095         30       6178      50606        184      14111          0         48
 T=      66.803       3311       1107         30       6207      50615        186      14257          0         17
 T=      67.803       3346       1118         30       6233      50624        188      14395          0         16
 T=      68.803       3380       1130         31       6259      50633        190      14522          0         15
 T=      69.803       3415       1141         31       6283      50642        192      14672          0         14
 T=      70.803       3450       1153         31       6308      50651        194      14804          0         13
 T=      71.803       3484       1164         32       6328      50660        196      14962          0         12
 T=      72.803       3519       1176         32       6407      50669        198      15108          0         44
 T=      73.803       3553       1187         32       6437      50678        200      15242          0         16
 T=      74.803       3588       1199         33       6464      50686        202      15387          0         16
 T=      75.803       3623       1210         33       6490      50695        204      15511          0         16
 T=      76.803       3657       1222         33       6517      50704        206      15672          0         16
 T=      77.803       3692       1233         34       6548      50713        208      15812          0         16
 T=      78.803       3726       1245         34       6582      50722        209      15957          0         16
 T=      79.803       3760       1256         34       6611      51312        211      16095          0         15
 T=      80.803       3794       1268         35       6635      51321        213      16249          0         14
 T=      81.803       3828       1279         35       6683      51330        215      16378          0         26
 T=      82.803       3863       1291         35       6716      51339        217      16529          0         18
 T=      83.803       3897       1302         36       6754      51348        219      16670          0         18
 T=      84.803       3931       1314         36       6793      51357        221      16813          0         18
 T=      85.803       3965       1325         36       6828      51366        223      16955          0         18
 T=      86.803       3999       1337         37       6866      51679        225      17097          0         18
 T=      87.803       4033       1348         37       6896      51688        227      17234          0         18
 T=      88.803       4068       1360         37       6930      51697        229      17384          0         18
 T=      89.803       4103       1371         38       6960      51705        231      17527          0         18
 T=      90.803       4137       1383         38       6998      51714        233      17664          0         18
 T=      91.803       4171       1394         38       7033      51723        235      17799          0         17
 T=      92.803       4205       1406         38       7065      51732        237      17936          0         16
 T=      93.803       4240       1417         39       7098      51741        239      18075          0         15
 T=      94.803       4274       1429         39       7128      51750        241      18212          0         14
 T=      95.803       4308       1442         39       7179      51759        243      18350          0         26
 T=      96.803       4343       1454         40       7218      52078        245      18491          0         18
 T=      97.803       4378       1465         40       7260      52389        247      18638          0         18
 T=      98.803       4412       1477         40       7302      52963        248      18792          0         18
 T=      99.803       4446       1488         41       7337      52972        250      18951          0         18
 T=     100.803       4481       1500         41       7373      52981        252      19087          0         18
 T=     101.803       4515       1511         41       7414      52990        254      19233          0         18
 T=     102.803       4550       1523         42       7451      52999        256      19362          0         18
 T=     103.803       4585       1534         42       7484      53008        258      19507          0         17
 T=     104.803       4619       1546         42       7519      53017        260      19640          0         16
 T=     105.803       4653       1557         43       7550      53026        262      19787          0         15
 T=     106.803       4687       1568         43       7580      53035        264      19919          0         14
 T=     107.803       4721       1580         43       7602      53044        266      20065          0         13
 T=     108.803       4756       1592         44       7625      53052        268      20203          0         12
 T=     109.803       4790       1603         44       7753      53061        270      20360          0         66
 T=     110.803       4824       1614         44       7803      53070        272      20471          0         32
 T=     111.803       4858       1626         45       7845      53079        274      20627          0         21
 T=     112.803       4892       1637         45       7879      53088        276      20747          0         21
 T=     113.803       4927       1649         45       7915      53703        278      20902          0         21
 T=     114.803       4961       1660         45       7956      54312        280      21035          0         21
 T=     115.803       4998       1672         46       7988      54321        281      21174          0         20
 T=     116.803       5031       1683         46       8020      54330        283      21304          0         19
 T=     117.803       5066       1695         46       8052      54339        285      21458          0         18
 T=     118.803       5100       1706         47       8082      54348        287      21579          0         17
 T=     119.803       5135       1718         47       8109      54357        289      21724          0         16
 T=     120.803       5169       1729         47       8135      54366        291      21849          0         15
 T=     121.803       5204       1741         48       8159      54375        293      21999          0         14
 T=     122.803       5238       1752         48       8181      54383        295      22115          0         13
 T=     123.803       5273       1764         48       8201      54392        297      22253          0         12
 T=     124.803       5308       1775         49       8220      54401        299      22372          0         11
 T=     125.803       5343       1787         49       8240      54712        301      22526          0         10
 T=     126.803       5377       1798         49       8335      54721        303      22658          0         54
 T=     127.803       5411       1810         50       8381      54730        305      22776          0         28
