        etc       1den       1mpi       F.T.       2mpi        dot        ALL    ft_copy   ft_conjg    ft_ft1d      ft_tr     ft_mpi    ft_copy    ft_circ
         40          1         44       2704         35        333       2958         17         31        144        288       2054        140         28
         16          3         43       2847         11        356       3090         20         30        165        322       2133        147         27
          7          3         47       2877          2        255       3013         21         34        173        329       2140        148         30
         12          4         39       2752          7        347       2987         19         30        159        313       2037        162         29
         10          2         42       2758          4        245       2893         20         28        158        311       2042        167         30
         14          3         31       2747          8        247       2879         16         29        165        303       2030        174         30
         17          2         37       2730          9        339       2955         18         29        159        308       2022        165         29
         13          4         38       2753          8        402       3050         16         31        165        311       2033        170         27
         22          3         37       2751         16        407       3056         21         33        162        314       2032        159         29
         12          3         34       2732          6        344       2967         19         29        160        310       2022        159         29
         23          4         33       2745         18        332       2978         18         25        166        326       2011        168         29
         16          4         42       2737          9        397       3030         17         27        167        318       2007        171         29
         12          2         36       2746          5        332       2964         18         31        165        304       2041        160         25
         12          5         35       2739          7        244       2873         20         29        167        311       2030        151         31
         15          3         34       2764          7        245       2898         20         29        163        315       2036        170         29
         13          3         37       2743          7        405       3038         20         32        164        303       2036        158         30
         21          5         42       2737         16        242       2883         19         33        164        311       2024        157         29
         17          1         43       2742         12        339       2973         19         31        158        308       2035        160         30
         18          2         49       2725         13        244       2869         21         29        161        305       2015        166         28
         23          2         35       2733         14        245       2874         18         28        170        303       2021        161         31
         22          0         35       2732         14        245       2871         17         26        161        295       2045        158         29
         11          2         40       2759          7        249       2894         19         30        159        307       2054        159         30
         14          3         42       2744          7        406       3045         17         31        172        313       2018        164         28
         14          1         34       2759          9        404       3052         19         30        171        314       2027        167         30
         17          1         40       2735         12        407       3032         19         32        159        308       2029        158         28
          9          5         40       2760          2        406       3053         17         28        164        306       2047        168         28
         16          2         43       2745          8        245       2886         20         27        164        302       2043        158         29
         16          1         39       2744         11        405       3043         21         35        165        322       2012        162         27
         10          2         41       2761          5        246       2892         20         30        166        309       2040        166         29
         22          2         34       2726         18        343       2963         18         33        166        310       2015        154         29
         14          4         34       2750          8        245       2884         21         35        167        317       2024        157         29
         15          3         32       2744          7        276       2911         17         31        161        305       2041        160         29
         18          6         43       2732         12        257       2891         18         28        178        305       2001        172         30
          8          4         44       2735          2        247       2867         20         31        158        304       2033        159         27
         19          3         39       2735         13        405       3038         17         37        165        321       2008        158         28
         13          3         37       2737          8        405       3034         18         31        173        322       2007        159         26
         14          3         33       2755          8        404       3050         19         30        168        315       2027        164         29
         18          3         38       2736          9        404       3035         18         26        176        310       2010        168         27
         11          4         38       2768          5        337       2995         19         32        160        321       2041        165         30
         11          1         43       2827          7        248       2966         20         32        165        290       2122        169         28
         15          2         32       2740          8        405       3032         22         31        167        312       2013        164         31
         23          1         39       2716         17        403       3021         20         32        164        300       2012        159         29
         18          2         40       2743         11        407       3049         21         33        167        295       2040        159         28
         13          2         33       2754          6        407       3046         18         31        164        311       2031        168         31
         15          3         37       2745          9        339       2973         20         32        172        318       2009        166         27
         12          2         43       2738          7        408       3036         15         33        171        318       2013        161         26
         11          4         37       2741          5        340       2965         21         29        171        315       2013        163         29
         18          0         44       2739         13        401       3041         18         27        171        316       2018        159         30
         27          3         31       2805         21        407       3108         19         29        165        301       2103        157         29
         28          4         36       2816         20        351       3063         18         29        161        302       2120        156         28
         19          2         30       2761         14        402       3053         17         31        164        311       2048        158         31
         33          1         44       2852         22        337       3100         17         30        154        285       2176        158         30
         15          3         35       2737          9        244       2873         16         31        167        304       2036        154         29
         16          3         34       2743          8        344       2979         20         35        172        312       2008        164         31
         18          1         38       2737         12        341       2969         19         31        160        296       2034        167         29
         24          4         31       2805         18        409       3109         17         29        166        306       2097        161         29
         18          3         41       2735         14        409       3041         18         30        169        322       2008        159         28
         18          2         35       2773         10        404       3074         17         30        167        316       2047        169         27
         30          2         39       2803         22        409       3119         19         30        158        304       2107        157         27
         16          2         33       2735         10        408       3036         18         29        164        309       2018        169         27
         24          2         39       2821         16        347       3060         18         30        157        297       2139        150         29
         15          3         40       2753          7        408       3052         19         31        168        310       2031        164         29
         12          2         43       2742          6        405       3038         16         34        160        307       2039        155         30
         24          2         40       2728         17        402       3036         16         30        159        305       2028        162         28
         15          4         34       2738         10        347       2976         18         30        166        310       2019        166         27
         10          4         40       2760          5        243       2898         17         34        169        312       2040        158         29
         26          3         30       2740         18        349       2985         18         27        168        305       2032        162         28
          9          1         49       2736          3        407       3036         15         30        163        309       2026        164         29
         21          1         40       2733         14        405       3039         18         28        165        298       2037        157         29
         10          6         36       2743          5        334       2963         15         35        159        310       2029        163         29
         15          0         38       2750         10        408       3048         18         26        169        316       2027        163         29
         17          3         40       2749         13        407       3051         17         32        168        300       2049        154         28
         21          4         41       2728         13        401       3027         18         28        163        298       2029        161         30
         11          4         35       2744          5        344       2976         16         35        164        310       2029        161         28
         11          2         48       2722          6        242       2861         19         26        166        302       2021        160         28
         29          5         31       2722         23        243       2872         19         32        169        308       1990        173         29
         10          2         37       2740          3        247       2869         21         32        157        307       2033        158         29
         13          2         38       2756          6        408       3052         19         28        162        304       2046        166         29
         22          2         37       2723         18        407       3027         18         26        161        297       2027        167         27
         12          1         41       2748          6        408       3046         19         29        167        308       2026        170         27
         12          5         41       2735          7        405       3033         19         26        153        301       2036        169         28
         19          0         41       2738         13        341       2975         21         27        166        309       2015        169         30
         16          2         33       2732         11        247       2870         18         31        161        299       2027        168         28
         14          1         35       2732          6        240       2864         18         29        162        313       2015        164         28
         11          2         39       2742          5        406       3036         19         34        172        316       2007        165         29
         12          0         39       2734          6        241       2872         16         33        170        303       2025        157         29
         16          2         39       2777          7        352       3020         18         31        168        315       2052        163         30
         14          1         42       2721          8        396       3016         20         30        159        294       2033        154         30
         16          1         37       2736          8        334       2957         21         31        167        306       2017        167         26
         17          1         44       2744          9        411       3048         17         31        157        314       2026        169         27
         15          1         34       2733          9        243       2869         18         29        168        319       1994        169         31
         21          4         41       2732         16        408       3037         19         31        150        299       2044        160         28
         16          0         39       2760         10        245       2897         17         36        180        327       2005        165         29
         12          4         38       2761          4        407       3060         20         34        160        296       2068        153         28
         21          4         34       2731         16        409       3037         19         30        167        317       2010        155         30
         13          2         38       2748         10        246       2883         19         35        165        311       2028        161         28
         14          3         45       2731          8        243       2872         18         29        173        311       2003        164         32
          7          3         41       2742          3        260       2888         18         35        160        301       2040        159         28
         28          0         36       2721         18        409       3034         19         30        155        293       2037        156         28
         13          0         32       2750          7        407       3047         20         33        163        307       2031        164         31
         20          2         40       2723         14        245       2868         16         27        154        299       2044        153         29
         14          2         28       2845          8        407       3141         21         33        171        312       2111        167         30
         19          4         43       2723         14        341       2963         21         25        152        294       2036        166         29
         13          3         28       2760          5        406       3052         19         31        165        310       2038        159         32
         10          4         44       2743          3        248       2881         15         31        164        311       2027        166         29
          9          3         42       2744          4        405       3039         21         33        162        304       2033        163         28
         22          3         38       2757         13        413       3066         19         29        159        317       2035        167         28
         13          0         42       2745          6        412       3041         19         35        159        296       2035        170         29
         16          4         33       2765         10        247       2903         18         31        168        318       2035        164         31
         14          1         38       2749          8        408       3046         19         30        161        306       2037        164         30
         13          3         40       2733          8        408       3033         19         28        166        321       2006        160         30
         18          5         35       2726         11        406       3030         17         24        164        299       2031        159         30
         10          4         29       2750          5        405       3036         20         27        161        300       2050        163         27
         18          2         39       2722         13        408       3023         21         31        168        295       2023        155         29
         10          3         37       2729          5        338       2961         18         33        163        299       2023        163         29
         15          1         38       2733         10        328       2956         18         33        160        287       2043        161         30
         17          3         39       2743         12        336       2978         19         29        167        321       2001        175         30
         18          1         44       2715         12        406       3023         19         29        159        297       2015        164         31
         18          0         45       2737         11        408       3039         21         30        161        312       2019        162         30
         21          3         44       2714         16        346       2964         20         31        162        308       1998        165         30
         17          1         39       2738         11        336       2968         18         30        172        314       2004        171         29
         13          3         39       2734          8        411       3033         16         31        165        308       2023        161         29
         11          2         45       2747          4        246       2886         18         32        166        310       2025        165         30
         18          1         33       2738         10        410       3037         18         30        168        305       2034        153         29
         12          3         39       2739          6        409       3035         16         29        166        295       2030        168         31
         18          0         33       2736         13        407       3039         18         29        159        294       2043        163         29
         20          2         31       2736         13        411       3038         19         33        174        317       2003        161         28
         16          5         33       2732         11        396       3020         18         29        165        302       2029        159         27
         16          1         29       2761         10        241       2897         17         29        180        327       2013        165         29
         12          1         41       2749          7        411       3047         18         31        163        318       2029        157         31
         17          3         39       2750         13        247       2891         18         28        164        319       2026        165         28
         11          3         36       2738          7        406       3034         16         35        168        316       1999        171         32
         15          3         42       2723          8        335       2952         19         28        172        297       2006        169         31
         13          3         37       2759          6        259       2906         20         30        158        306       2050        166         29
         15          2         40       2717          6        407       3016         19         28        172        318       1976        173         30
         12          2         42       2753          6        244       2888         17         28        163        295       2055        166         29
         17          1         35       2737          9        347       2973         19         33        163        308       2026        156         31
         18          0         39       2744         12        337       2980         17         30        167        314       2024        160         30
         14          2         37       2736         10        342       2971         18         31        179        311       2003        162         31
         11          3         37       2746          5        342       2977         17         29        160        298       2048        165         28
         40          3         38       2714         33        335       2968         19         29        159        301       2031        146         29
         18          2         45       2751         12        409       3056         19         32        168        307       2038        156         28
         12          4         38       2733          8        410       3033         18         32        169        309       2005        170         29
         21          5         35       2726         16        249       2870         21         33        161        296       2026        157         29
         17          3         45       2715         12        342       2954         20         26        161        299       2011        165         27
         11          1         37       2756          4        404       3054         19         28        157        317       2028        176         29
         15          3         35       2754          9        410       3054         18         32        168        312       2026        169         28
         12          3         40       2764          9        407       3062         19         32        168        302       2047        166         29
         14          1         46       2727          7        247       2865         18         28        166        301       2022        164         28
         23          2         33       2733         13        243       2873         18         34        165        305       2011        168         30
         14          6         36       2727          9        338       2958         19         27        162        301       2029        158         29
         10          2         41       2752          5        408       3054         18         38        163        307       2030        168         28
         12          0         47       2743          4        346       2979         20         33        160        296       2047        158         27
         12          0         36       2740          6        335       2964         16         31        166        300       2044        154         29
         13          1         43       2738          5        301       2928         22         31        164        301       2035        155         29
         13          3         35       2737          5        407       3032         17         30        162        303       2031        161         31
         11          1         41       2760          6        409       3057         16         33        163        321       2033        163         29
         16          3         32       2738          8        244       2869         16         29        160        307       2039        157         27
         24          3         42       2729         17        243       2881         18         30        152        297       2044        157         29
         20          5         39       2734         17        406       3041         19         23        167        307       2032        155         28
