
       (184.363316564117 -167.54)
       (184.363316564117 -167.54)*27.2114


    ***  CONVERGED *** 
 
       -184.363316564117      0.000084226510      0.000569816956      0.000000942911
       -184.358535387564      0.000088108874     -0.000180814812      0.000000848461
       -184.119824796247      0.000089885279      0.000070927209      0.000000833632
       -184.108880013498      0.000085568678     -0.000091389243      0.000000894255
       -184.108525538075      0.000084050074     -0.000618278503      0.000000952792
       -184.007821968608      0.000086045012      0.000173277780      0.000000813277
       -183.452033655108      0.000082434734     -0.000337602889      0.000000940157
       -183.280651002659      0.000082151012     -0.000581555572      0.000000948745
       -170.973144462613      0.000075888140     -0.003815561510      0.000000956864
       -167.550214562675      0.000058292762      0.000014934093      0.000000897573
       -167.537975048414      0.000068056635     -0.000023292520      0.000001015930
    ***   
 
