 
       0.10000000    0.1996913E+01    0.1898238E+01    0.7814887E-01    0.9935775E+00    0.9935775E+00    0.1050518E-01    0.9591273E-03    0.5663664E-02    0.5663664E-02    0.7009992E-02    0.7009992E-02    0.6362116E-03    0.1048678E-02    0.1048678E-02
       0.20000000    0.1996913E+01    0.1898238E+01    0.7814887E-01    0.9935775E+00    0.9935775E+00    0.1050518E-01    0.9591273E-03    0.5663664E-02    0.5663664E-02    0.7009992E-02    0.7009992E-02    0.6362116E-03    0.1048678E-02    0.1048678E-02
       0.30000000    0.1996913E+01    0.1898238E+01    0.7814887E-01    0.9935775E+00    0.9935775E+00    0.1050518E-01    0.9591273E-03    0.5663664E-02    0.5663664E-02    0.7009992E-02    0.7009992E-02    0.6362116E-03    0.1048678E-02    0.1048678E-02
       0.40000000    0.1996913E+01    0.1898238E+01    0.7814887E-01    0.9935775E+00    0.9935775E+00    0.1050518E-01    0.9591273E-03    0.5663664E-02    0.5663664E-02    0.7009992E-02    0.7009992E-02    0.6362116E-03    0.1048678E-02    0.1048678E-02
       0.50000000    0.1996913E+01    0.1898238E+01    0.7814887E-01    0.9935775E+00    0.9935775E+00    0.1050518E-01    0.9591273E-03    0.5663664E-02    0.5663664E-02    0.7009992E-02    0.7009992E-02    0.6362116E-03    0.1048678E-02    0.1048678E-02
       0.60000000    0.1996913E+01    0.1898238E+01    0.7814887E-01    0.9935775E+00    0.9935775E+00    0.1050518E-01    0.9591273E-03    0.5663664E-02    0.5663664E-02    0.7009992E-02    0.7009992E-02    0.6362116E-03    0.1048678E-02    0.1048678E-02
       0.70000000    0.1996913E+01    0.1898238E+01    0.7814887E-01    0.9935775E+00    0.9935775E+00    0.1050518E-01    0.9591273E-03    0.5663664E-02    0.5663664E-02    0.7009992E-02    0.7009992E-02    0.6362116E-03    0.1048678E-02    0.1048678E-02
       0.80000000    0.1996913E+01    0.1898238E+01    0.7814887E-01    0.9935775E+00    0.9935775E+00    0.1050518E-01    0.9591273E-03    0.5663664E-02    0.5663664E-02    0.7009992E-02    0.7009992E-02    0.6362116E-03    0.1048678E-02    0.1048678E-02
       0.90000000    0.1996913E+01    0.1898238E+01    0.7814887E-01    0.9935775E+00    0.9935775E+00    0.1050518E-01    0.9591273E-03    0.5663664E-02    0.5663664E-02    0.7009992E-02    0.7009992E-02    0.6362116E-03    0.1048678E-02    0.1048678E-02
       1.00000000    0.1996913E+01    0.1898238E+01    0.7814887E-01    0.9935775E+00    0.9935775E+00    0.1050518E-01    0.9591273E-03    0.5663664E-02    0.5663664E-02    0.7009992E-02    0.7009992E-02    0.6362116E-03    0.1048678E-02    0.1048678E-02
       1.10000000    0.1996913E+01    0.1898238E+01    0.7814887E-01    0.9935775E+00    0.9935775E+00    0.1050518E-01    0.9591273E-03    0.5663664E-02    0.5663664E-02    0.7009992E-02    0.7009992E-02    0.6362116E-03    0.1048678E-02    0.1048678E-02
       1.20000000    0.1996913E+01    0.1898238E+01    0.7814887E-01    0.9935775E+00    0.9935775E+00    0.1050518E-01    0.9591273E-03    0.5663664E-02    0.5663664E-02    0.7009992E-02    0.7009992E-02    0.6362116E-03    0.1048678E-02    0.1048678E-02
       1.30000000    0.1996913E+01    0.1898238E+01    0.7814887E-01    0.9935775E+00    0.9935775E+00    0.1050518E-01    0.9591273E-03    0.5663664E-02    0.5663664E-02    0.7009992E-02    0.7009992E-02    0.6362116E-03    0.1048678E-02    0.1048678E-02
       1.40000000    0.1996913E+01    0.1898238E+01    0.7814887E-01    0.9935775E+00    0.9935775E+00    0.1050518E-01    0.9591273E-03    0.5663664E-02    0.5663664E-02    0.7009992E-02    0.7009992E-02    0.6362116E-03    0.1048678E-02    0.1048678E-02
       1.50000000    0.1996913E+01    0.1898238E+01    0.7814887E-01    0.9935775E+00    0.9935775E+00    0.1050518E-01    0.9591273E-03    0.5663664E-02    0.5663664E-02    0.7009992E-02    0.7009992E-02    0.6362116E-03    0.1048678E-02    0.1048678E-02
       1.60000000    0.1996913E+01    0.1898238E+01    0.7814887E-01    0.9935775E+00    0.9935775E+00    0.1050518E-01    0.9591273E-03    0.5663664E-02    0.5663664E-02    0.7009992E-02    0.7009992E-02    0.6362116E-03    0.1048678E-02    0.1048678E-02
       1.70000000    0.1996913E+01    0.1898238E+01    0.7814887E-01    0.9935775E+00    0.9935775E+00    0.1050518E-01    0.9591273E-03    0.5663664E-02    0.5663664E-02    0.7009992E-02    0.7009992E-02    0.6362117E-03    0.1048678E-02    0.1048678E-02
       1.80000000    0.1996913E+01    0.1898238E+01    0.7814887E-01    0.9935775E+00    0.9935775E+00    0.1050518E-01    0.9591273E-03    0.5663664E-02    0.5663664E-02    0.7009992E-02    0.7009992E-02    0.6362117E-03    0.1048678E-02    0.1048678E-02
       1.90000000    0.1996913E+01    0.1898238E+01    0.7814887E-01    0.9935775E+00    0.9935775E+00    0.1050518E-01    0.9591273E-03    0.5663665E-02    0.5663665E-02    0.7009992E-02    0.7009992E-02    0.6362118E-03    0.1048678E-02    0.1048678E-02
       2.00000000    0.1996913E+01    0.1898238E+01    0.7814887E-01    0.9935775E+00    0.9935775E+00    0.1050518E-01    0.9591272E-03    0.5663665E-02    0.5663665E-02    0.7009992E-02    0.7009992E-02    0.6362119E-03    0.1048678E-02    0.1048678E-02
       2.10000000    0.1996913E+01    0.1898238E+01    0.7814887E-01    0.9935775E+00    0.9935775E+00    0.1050518E-01    0.9591272E-03    0.5663666E-02    0.5663666E-02    0.7009992E-02    0.7009992E-02    0.6362121E-03    0.1048678E-02    0.1048678E-02
       2.20000000    0.1996913E+01    0.1898238E+01    0.7814887E-01    0.9935775E+00    0.9935775E+00    0.1050518E-01    0.9591272E-03    0.5663666E-02    0.5663666E-02    0.7009992E-02    0.7009992E-02    0.6362123E-03    0.1048678E-02    0.1048678E-02
       2.30000000    0.1996913E+01    0.1898238E+01    0.7814887E-01    0.9935775E+00    0.9935775E+00    0.1050518E-01    0.9591272E-03    0.5663668E-02    0.5663668E-02    0.7009992E-02    0.7009992E-02    0.6362126E-03    0.1048678E-02    0.1048678E-02
       2.40000000    0.1996913E+01    0.1898238E+01    0.7814887E-01    0.9935775E+00    0.9935775E+00    0.1050518E-01    0.9591272E-03    0.5663669E-02    0.5663669E-02    0.7009992E-02    0.7009992E-02    0.6362130E-03    0.1048678E-02    0.1048678E-02
       2.50000000    0.1996913E+01    0.1898238E+01    0.7814887E-01    0.9935775E+00    0.9935775E+00    0.1050518E-01    0.9591272E-03    0.5663671E-02    0.5663671E-02    0.7009992E-02    0.7009992E-02    0.6362135E-03    0.1048678E-02    0.1048678E-02
       2.60000000    0.1996913E+01    0.1898238E+01    0.7814887E-01    0.9935775E+00    0.9935775E+00    0.1050519E-01    0.9591272E-03    0.5663674E-02    0.5663674E-02    0.7009992E-02    0.7009992E-02    0.6362141E-03    0.1048678E-02    0.1048678E-02
       2.70000000    0.1996913E+01    0.1898238E+01    0.7814887E-01    0.9935775E+00    0.9935775E+00    0.1050519E-01    0.9591272E-03    0.5663677E-02    0.5663677E-02    0.7009992E-02    0.7009992E-02    0.6362150E-03    0.1048678E-02    0.1048678E-02
       2.80000000    0.1996913E+01    0.1898238E+01    0.7814888E-01    0.9935775E+00    0.9935775E+00    0.1050519E-01    0.9591271E-03    0.5663681E-02    0.5663681E-02    0.7009992E-02    0.7009992E-02    0.6362160E-03    0.1048677E-02    0.1048677E-02
       2.90000000    0.1996913E+01    0.1898237E+01    0.7814888E-01    0.9935775E+00    0.9935775E+00    0.1050520E-01    0.9591271E-03    0.5663686E-02    0.5663686E-02    0.7009992E-02    0.7009992E-02    0.6362173E-03    0.1048677E-02    0.1048677E-02
       3.00000000    0.1996913E+01    0.1898237E+01    0.7814888E-01    0.9935775E+00    0.9935775E+00    0.1050520E-01    0.9591271E-03    0.5663691E-02    0.5663691E-02    0.7009992E-02    0.7009992E-02    0.6362189E-03    0.1048677E-02    0.1048677E-02
       3.10000000    0.1996913E+01    0.1898237E+01    0.7814889E-01    0.9935775E+00    0.9935775E+00    0.1050521E-01    0.9591270E-03    0.5663699E-02    0.5663699E-02    0.7009992E-02    0.7009992E-02    0.6362209E-03    0.1048676E-02    0.1048676E-02
       3.20000000    0.1996913E+01    0.1898237E+01    0.7814889E-01    0.9935775E+00    0.9935775E+00    0.1050521E-01    0.9591270E-03    0.5663707E-02    0.5663707E-02    0.7009992E-02    0.7009992E-02    0.6362234E-03    0.1048676E-02    0.1048676E-02
       3.30000000    0.1996913E+01    0.1898237E+01    0.7814890E-01    0.9935775E+00    0.9935775E+00    0.1050522E-01    0.9591269E-03    0.5663717E-02    0.5663717E-02    0.7009992E-02    0.7009992E-02    0.6362263E-03    0.1048675E-02    0.1048675E-02
       3.40000000    0.1996913E+01    0.1898237E+01    0.7814890E-01    0.9935774E+00    0.9935774E+00    0.1050523E-01    0.9591268E-03    0.5663729E-02    0.5663729E-02    0.7009991E-02    0.7009991E-02    0.6362298E-03    0.1048675E-02    0.1048675E-02
       3.50000000    0.1996913E+01    0.1898237E+01    0.7814891E-01    0.9935774E+00    0.9935774E+00    0.1050524E-01    0.9591268E-03    0.5663743E-02    0.5663743E-02    0.7009991E-02    0.7009991E-02    0.6362339E-03    0.1048674E-02    0.1048674E-02
       3.60000000    0.1996913E+01    0.1898237E+01    0.7814892E-01    0.9935774E+00    0.9935774E+00    0.1050526E-01    0.9591267E-03    0.5663759E-02    0.5663759E-02    0.7009991E-02    0.7009991E-02    0.6362388E-03    0.1048673E-02    0.1048673E-02
       3.70000000    0.1996913E+01    0.1898237E+01    0.7814893E-01    0.9935774E+00    0.9935774E+00    0.1050527E-01    0.9591266E-03    0.5663778E-02    0.5663778E-02    0.7009991E-02    0.7009991E-02    0.6362446E-03    0.1048672E-02    0.1048672E-02
       3.80000000    0.1996913E+01    0.1898237E+01    0.7814894E-01    0.9935774E+00    0.9935774E+00    0.1050529E-01    0.9591265E-03    0.5663799E-02    0.5663799E-02    0.7009990E-02    0.7009990E-02    0.6362513E-03    0.1048671E-02    0.1048671E-02
       3.90000000    0.1996913E+01    0.1898237E+01    0.7814895E-01    0.9935774E+00    0.9935774E+00    0.1050531E-01    0.9591263E-03    0.5663823E-02    0.5663823E-02    0.7009990E-02    0.7009990E-02    0.6362590E-03    0.1048669E-02    0.1048669E-02
       4.00000000    0.1996913E+01    0.1898237E+01    0.7814896E-01    0.9935774E+00    0.9935774E+00    0.1050533E-01    0.9591262E-03    0.5663850E-02    0.5663850E-02    0.7009989E-02    0.7009989E-02    0.6362679E-03    0.1048668E-02    0.1048668E-02
       4.10000000    0.1996913E+01    0.1898237E+01    0.7814897E-01    0.9935773E+00    0.9935773E+00    0.1050536E-01    0.9591260E-03    0.5663881E-02    0.5663881E-02    0.7009988E-02    0.7009988E-02    0.6362780E-03    0.1048666E-02    0.1048666E-02
       4.20000000    0.1996913E+01    0.1898237E+01    0.7814899E-01    0.9935773E+00    0.9935773E+00    0.1050539E-01    0.9591259E-03    0.5663915E-02    0.5663915E-02    0.7009987E-02    0.7009987E-02    0.6362896E-03    0.1048664E-02    0.1048664E-02
       4.30000000    0.1996913E+01    0.1898237E+01    0.7814900E-01    0.9935773E+00    0.9935773E+00    0.1050543E-01    0.9591257E-03    0.5663953E-02    0.5663953E-02    0.7009986E-02    0.7009986E-02    0.6363027E-03    0.1048662E-02    0.1048662E-02
       4.40000000    0.1996913E+01    0.1898237E+01    0.7814901E-01    0.9935772E+00    0.9935772E+00    0.1050546E-01    0.9591254E-03    0.5663995E-02    0.5663995E-02    0.7009985E-02    0.7009985E-02    0.6363174E-03    0.1048659E-02    0.1048659E-02
       4.50000000    0.1996913E+01    0.1898237E+01    0.7814903E-01    0.9935772E+00    0.9935772E+00    0.1050551E-01    0.9591252E-03    0.5664041E-02    0.5664041E-02    0.7009983E-02    0.7009984E-02    0.6363339E-03    0.1048656E-02    0.1048656E-02
       4.60000000    0.1996913E+01    0.1898237E+01    0.7814904E-01    0.9935772E+00    0.9935772E+00    0.1050555E-01    0.9591249E-03    0.5664092E-02    0.5664092E-02    0.7009982E-02    0.7009982E-02    0.6363523E-03    0.1048653E-02    0.1048653E-02
       4.70000000    0.1996913E+01    0.1898237E+01    0.7814906E-01    0.9935771E+00    0.9935771E+00    0.1050561E-01    0.9591246E-03    0.5664147E-02    0.5664147E-02    0.7009980E-02    0.7009980E-02    0.6363728E-03    0.1048650E-02    0.1048650E-02
       4.80000000    0.1996913E+01    0.1898237E+01    0.7814907E-01    0.9935771E+00    0.9935771E+00    0.1050567E-01    0.9591243E-03    0.5664208E-02    0.5664208E-02    0.7009977E-02    0.7009977E-02    0.6363954E-03    0.1048646E-02    0.1048646E-02
       4.90000000    0.1996913E+01    0.1898236E+01    0.7814908E-01    0.9935770E+00    0.9935770E+00    0.1050573E-01    0.9591239E-03    0.5664274E-02    0.5664274E-02    0.7009975E-02    0.7009975E-02    0.6364205E-03    0.1048642E-02    0.1048642E-02
       5.00000000    0.1996913E+01    0.1898236E+01    0.7814909E-01    0.9935770E+00    0.9935770E+00    0.1050580E-01    0.9591235E-03    0.5664345E-02    0.5664345E-02    0.7009972E-02    0.7009972E-02    0.6364482E-03    0.1048637E-02    0.1048637E-02
       5.10000000    0.1996913E+01    0.1898236E+01    0.7814910E-01    0.9935769E+00    0.9935769E+00    0.1050588E-01    0.9591231E-03    0.5664423E-02    0.5664423E-02    0.7009968E-02    0.7009968E-02    0.6364786E-03    0.1048632E-02    0.1048632E-02
       5.20000000    0.1996913E+01    0.1898236E+01    0.7814910E-01    0.9935768E+00    0.9935768E+00    0.1050596E-01    0.9591226E-03    0.5664506E-02    0.5664506E-02    0.7009965E-02    0.7009965E-02    0.6365120E-03    0.1048627E-02    0.1048627E-02
       5.30000000    0.1996913E+01    0.1898236E+01    0.7814910E-01    0.9935768E+00    0.9935768E+00    0.1050605E-01    0.9591220E-03    0.5664596E-02    0.5664596E-02    0.7009960E-02    0.7009960E-02    0.6365487E-03    0.1048620E-02    0.1048620E-02
       5.40000000    0.1996913E+01    0.1898236E+01    0.7814910E-01    0.9935767E+00    0.9935767E+00    0.1050615E-01    0.9591214E-03    0.5664693E-02    0.5664693E-02    0.7009955E-02    0.7009956E-02    0.6365887E-03    0.1048614E-02    0.1048614E-02
       5.50000000    0.1996913E+01    0.1898236E+01    0.7814910E-01    0.9935766E+00    0.9935766E+00    0.1050626E-01    0.9591208E-03    0.5664797E-02    0.5664797E-02    0.7009950E-02    0.7009950E-02    0.6366324E-03    0.1048607E-02    0.1048607E-02
       5.60000000    0.1996913E+01    0.1898235E+01    0.7814908E-01    0.9935765E+00    0.9935765E+00    0.1050637E-01    0.9591201E-03    0.5664908E-02    0.5664908E-02    0.7009944E-02    0.7009944E-02    0.6366799E-03    0.1048599E-02    0.1048599E-02
       5.70000000    0.1996913E+01    0.1898235E+01    0.7814907E-01    0.9935764E+00    0.9935764E+00    0.1050650E-01    0.9591193E-03    0.5665027E-02    0.5665027E-02    0.7009938E-02    0.7009938E-02    0.6367315E-03    0.1048591E-02    0.1048591E-02
       5.80000000    0.1996913E+01    0.1898235E+01    0.7814904E-01    0.9935763E+00    0.9935763E+00    0.1050664E-01    0.9591185E-03    0.5665154E-02    0.5665154E-02    0.7009930E-02    0.7009930E-02    0.6367874E-03    0.1048581E-02    0.1048581E-02
       5.90000000    0.1996913E+01    0.1898235E+01    0.7814901E-01    0.9935762E+00    0.9935762E+00    0.1050678E-01    0.9591176E-03    0.5665290E-02    0.5665290E-02    0.7009922E-02    0.7009922E-02    0.6368477E-03    0.1048572E-02    0.1048572E-02
       6.00000000    0.1996913E+01    0.1898235E+01    0.7814897E-01    0.9935761E+00    0.9935761E+00    0.1050694E-01    0.9591167E-03    0.5665434E-02    0.5665434E-02    0.7009914E-02    0.7009914E-02    0.6369127E-03    0.1048561E-02    0.1048561E-02
       6.10000000    0.1996913E+01    0.1898235E+01    0.7814892E-01    0.9935759E+00    0.9935759E+00    0.1050711E-01    0.9591156E-03    0.5665587E-02    0.5665587E-02    0.7009904E-02    0.7009904E-02    0.6369826E-03    0.1048550E-02    0.1048550E-02
       6.20000000    0.1996913E+01    0.1898234E+01    0.7814886E-01    0.9935758E+00    0.9935758E+00    0.1050729E-01    0.9591145E-03    0.5665749E-02    0.5665749E-02    0.7009894E-02    0.7009894E-02    0.6370575E-03    0.1048538E-02    0.1048538E-02
       6.30000000    0.1996913E+01    0.1898234E+01    0.7814879E-01    0.9935756E+00    0.9935756E+00    0.1050749E-01    0.9591133E-03    0.5665921E-02    0.5665921E-02    0.7009883E-02    0.7009883E-02    0.6371378E-03    0.1048525E-02    0.1048525E-02
       6.40000000    0.1996913E+01    0.1898234E+01    0.7814870E-01    0.9935755E+00    0.9935755E+00    0.1050770E-01    0.9591120E-03    0.5666102E-02    0.5666102E-02    0.7009870E-02    0.7009870E-02    0.6372236E-03    0.1048511E-02    0.1048511E-02
       6.50000000    0.1996913E+01    0.1898234E+01    0.7814860E-01    0.9935753E+00    0.9935753E+00    0.1050792E-01    0.9591106E-03    0.5666292E-02    0.5666292E-02    0.7009857E-02    0.7009857E-02    0.6373152E-03    0.1048496E-02    0.1048496E-02
       6.60000000    0.1996913E+01    0.1898234E+01    0.7814848E-01    0.9935751E+00    0.9935751E+00    0.1050816E-01    0.9591092E-03    0.5666493E-02    0.5666493E-02    0.7009843E-02    0.7009843E-02    0.6374127E-03    0.1048480E-02    0.1048480E-02
       6.70000000    0.1996913E+01    0.1898233E+01    0.7814834E-01    0.9935750E+00    0.9935750E+00    0.1050841E-01    0.9591076E-03    0.5666703E-02    0.5666703E-02    0.7009828E-02    0.7009828E-02    0.6375165E-03    0.1048463E-02    0.1048463E-02
       6.80000000    0.1996913E+01    0.1898233E+01    0.7814819E-01    0.9935748E+00    0.9935748E+00    0.1050868E-01    0.9591059E-03    0.5666922E-02    0.5666922E-02    0.7009813E-02    0.7009813E-02    0.6376267E-03    0.1048445E-02    0.1048445E-02
       6.90000000    0.1996913E+01    0.1898233E+01    0.7814801E-01    0.9935746E+00    0.9935746E+00    0.1050897E-01    0.9591041E-03    0.5667152E-02    0.5667152E-02    0.7009796E-02    0.7009796E-02    0.6377436E-03    0.1048427E-02    0.1048427E-02
       7.00000000    0.1996913E+01    0.1898233E+01    0.7814780E-01    0.9935744E+00    0.9935744E+00    0.1050927E-01    0.9591021E-03    0.5667391E-02    0.5667391E-02    0.7009778E-02    0.7009778E-02    0.6378673E-03    0.1048407E-02    0.1048407E-02
       7.10000000    0.1996913E+01    0.1898233E+01    0.7814757E-01    0.9935742E+00    0.9935742E+00    0.1050959E-01    0.9591001E-03    0.5667639E-02    0.5667639E-02    0.7009759E-02    0.7009759E-02    0.6379982E-03    0.1048385E-02    0.1048385E-02
       7.20000000    0.1996913E+01    0.1898232E+01    0.7814731E-01    0.9935739E+00    0.9935739E+00    0.1050993E-01    0.9590979E-03    0.5667896E-02    0.5667896E-02    0.7009739E-02    0.7009739E-02    0.6381363E-03    0.1048363E-02    0.1048363E-02
       7.30000000    0.1996913E+01    0.1898232E+01    0.7814702E-01    0.9935737E+00    0.9935737E+00    0.1051029E-01    0.9590956E-03    0.5668161E-02    0.5668161E-02    0.7009718E-02    0.7009718E-02    0.6382818E-03    0.1048340E-02    0.1048340E-02
       7.40000000    0.1996913E+01    0.1898232E+01    0.7814669E-01    0.9935735E+00    0.9935735E+00    0.1051066E-01    0.9590932E-03    0.5668435E-02    0.5668435E-02    0.7009696E-02    0.7009696E-02    0.6384349E-03    0.1048315E-02    0.1048315E-02
       7.50000000    0.1996913E+01    0.1898232E+01    0.7814633E-01    0.9935732E+00    0.9935732E+00    0.1051106E-01    0.9590906E-03    0.5668716E-02    0.5668716E-02    0.7009673E-02    0.7009673E-02    0.6385957E-03    0.1048289E-02    0.1048289E-02
       7.60000000    0.1996913E+01    0.1898232E+01    0.7814592E-01    0.9935730E+00    0.9935730E+00    0.1051147E-01    0.9590879E-03    0.5669004E-02    0.5669004E-02    0.7009649E-02    0.7009649E-02    0.6387644E-03    0.1048262E-02    0.1048262E-02
       7.70000000    0.1996913E+01    0.1898232E+01    0.7814548E-01    0.9935727E+00    0.9935727E+00    0.1051190E-01    0.9590851E-03    0.5669298E-02    0.5669298E-02    0.7009624E-02    0.7009624E-02    0.6389409E-03    0.1048233E-02    0.1048233E-02
       7.80000000    0.1996913E+01    0.1898231E+01    0.7814499E-01    0.9935725E+00    0.9935725E+00    0.1051236E-01    0.9590822E-03    0.5669597E-02    0.5669597E-02    0.7009598E-02    0.7009598E-02    0.6391254E-03    0.1048203E-02    0.1048203E-02
       7.90000000    0.1996913E+01    0.1898231E+01    0.7814445E-01    0.9935722E+00    0.9935722E+00    0.1051283E-01    0.9590792E-03    0.5669901E-02    0.5669901E-02    0.7009571E-02    0.7009571E-02    0.6393178E-03    0.1048172E-02    0.1048172E-02
       8.00000000    0.1996913E+01    0.1898231E+01    0.7814386E-01    0.9935720E+00    0.9935720E+00    0.1051332E-01    0.9590760E-03    0.5670208E-02    0.5670208E-02    0.7009544E-02    0.7009544E-02    0.6395182E-03    0.1048140E-02    0.1048140E-02
       8.10000000    0.1996913E+01    0.1898231E+01    0.7814322E-01    0.9935717E+00    0.9935717E+00    0.1051384E-01    0.9590727E-03    0.5670518E-02    0.5670518E-02    0.7009515E-02    0.7009515E-02    0.6397265E-03    0.1048106E-02    0.1048106E-02
       8.20000000    0.1996913E+01    0.1898231E+01    0.7814252E-01    0.9935714E+00    0.9935714E+00    0.1051437E-01    0.9590693E-03    0.5670830E-02    0.5670830E-02    0.7009486E-02    0.7009486E-02    0.6399426E-03    0.1048071E-02    0.1048071E-02
       8.30000000    0.1996913E+01    0.1898231E+01    0.7814176E-01    0.9935712E+00    0.9935712E+00    0.1051493E-01    0.9590657E-03    0.5671142E-02    0.5671142E-02    0.7009456E-02    0.7009456E-02    0.6401664E-03    0.1048035E-02    0.1048035E-02
       8.40000000    0.1996913E+01    0.1898231E+01    0.7814094E-01    0.9935709E+00    0.9935709E+00    0.1051550E-01    0.9590620E-03    0.5671454E-02    0.5671454E-02    0.7009425E-02    0.7009425E-02    0.6403979E-03    0.1047997E-02    0.1047997E-02
       8.50000000    0.1996913E+01    0.1898231E+01    0.7814006E-01    0.9935707E+00    0.9935707E+00    0.1051610E-01    0.9590582E-03    0.5671764E-02    0.5671764E-02    0.7009394E-02    0.7009394E-02    0.6406371E-03    0.1047958E-02    0.1047958E-02
       8.60000000    0.1996913E+01    0.1898232E+01    0.7813910E-01    0.9935704E+00    0.9935704E+00    0.1051672E-01    0.9590542E-03    0.5672072E-02    0.5672072E-02    0.7009363E-02    0.7009363E-02    0.6408838E-03    0.1047918E-02    0.1047918E-02
       8.70000000    0.1996913E+01    0.1898232E+01    0.7813808E-01    0.9935701E+00    0.9935701E+00    0.1051735E-01    0.9590501E-03    0.5672377E-02    0.5672377E-02    0.7009331E-02    0.7009331E-02    0.6411380E-03    0.1047877E-02    0.1047877E-02
       8.80000000    0.1996913E+01    0.1898232E+01    0.7813698E-01    0.9935699E+00    0.9935699E+00    0.1051801E-01    0.9590459E-03    0.5672676E-02    0.5672676E-02    0.7009299E-02    0.7009299E-02    0.6413997E-03    0.1047834E-02    0.1047834E-02
       8.90000000    0.1996913E+01    0.1898232E+01    0.7813581E-01    0.9935697E+00    0.9935697E+00    0.1051869E-01    0.9590416E-03    0.5672971E-02    0.5672971E-02    0.7009267E-02    0.7009266E-02    0.6416687E-03    0.1047790E-02    0.1047790E-02
       9.00000000    0.1996913E+01    0.1898233E+01    0.7813455E-01    0.9935694E+00    0.9935694E+00    0.1051938E-01    0.9590372E-03    0.5673258E-02    0.5673258E-02    0.7009234E-02    0.7009234E-02    0.6419451E-03    0.1047745E-02    0.1047745E-02
       9.10000000    0.1996913E+01    0.1898233E+01    0.7813322E-01    0.9935692E+00    0.9935692E+00    0.1052010E-01    0.9590327E-03    0.5673538E-02    0.5673538E-02    0.7009202E-02    0.7009202E-02    0.6422285E-03    0.1047699E-02    0.1047699E-02
       9.20000000    0.1996913E+01    0.1898233E+01    0.7813181E-01    0.9935690E+00    0.9935690E+00    0.1052084E-01    0.9590281E-03    0.5673808E-02    0.5673808E-02    0.7009170E-02    0.7009170E-02    0.6425190E-03    0.1047651E-02    0.1047651E-02
       9.30000000    0.1996913E+01    0.1898234E+01    0.7813031E-01    0.9935688E+00    0.9935688E+00    0.1052159E-01    0.9590234E-03    0.5674069E-02    0.5674069E-02    0.7009138E-02    0.7009138E-02    0.6428161E-03    0.1047603E-02    0.1047603E-02
       9.40000000    0.1996913E+01    0.1898235E+01    0.7812872E-01    0.9935686E+00    0.9935686E+00    0.1052236E-01    0.9590187E-03    0.5674318E-02    0.5674318E-02    0.7009107E-02    0.7009107E-02    0.6431196E-03    0.1047553E-02    0.1047553E-02
       9.50000000    0.1996913E+01    0.1898235E+01    0.7812705E-01    0.9935684E+00    0.9935684E+00    0.1052315E-01    0.9590140E-03    0.5674555E-02    0.5674555E-02    0.7009076E-02    0.7009076E-02    0.6434292E-03    0.1047503E-02    0.1047503E-02
       9.60000000    0.1996913E+01    0.1898236E+01    0.7812529E-01    0.9935682E+00    0.9935682E+00    0.1052396E-01    0.9590092E-03    0.5674778E-02    0.5674778E-02    0.7009046E-02    0.7009046E-02    0.6437445E-03    0.1047451E-02    0.1047451E-02
       9.70000000    0.1996913E+01    0.1898237E+01    0.7812343E-01    0.9935681E+00    0.9935681E+00    0.1052478E-01    0.9590042E-03    0.5674986E-02    0.5674986E-02    0.7009017E-02    0.7009017E-02    0.6440650E-03    0.1047399E-02    0.1047399E-02
       9.80000000    0.1996913E+01    0.1898238E+01    0.7812149E-01    0.9935679E+00    0.9935679E+00    0.1052562E-01    0.9589992E-03    0.5675177E-02    0.5675177E-02    0.7008988E-02    0.7008988E-02    0.6443902E-03    0.1047346E-02    0.1047346E-02
       9.90000000    0.1996913E+01    0.1898238E+01    0.7811945E-01    0.9935678E+00    0.9935678E+00    0.1052648E-01    0.9589942E-03    0.5675352E-02    0.5675352E-02    0.7008961E-02    0.7008961E-02    0.6447194E-03    0.1047292E-02    0.1047292E-02
      10.00000000    0.1996913E+01    0.1898239E+01    0.7811733E-01    0.9935677E+00    0.9935677E+00    0.1052735E-01    0.9589891E-03    0.5675508E-02    0.5675508E-02    0.7008935E-02    0.7008935E-02    0.6450522E-03    0.1047237E-02    0.1047237E-02
      10.10000000    0.1996913E+01    0.1898241E+01    0.7811511E-01    0.9935676E+00    0.9935676E+00    0.1052823E-01    0.9589840E-03    0.5675644E-02    0.5675644E-02    0.7008911E-02    0.7008911E-02    0.6453881E-03    0.1047182E-02    0.1047182E-02
      10.20000000    0.1996913E+01    0.1898242E+01    0.7811279E-01    0.9935675E+00    0.9935675E+00    0.1052912E-01    0.9589788E-03    0.5675760E-02    0.5675760E-02    0.7008887E-02    0.7008887E-02    0.6457263E-03    0.1047127E-02    0.1047127E-02
      10.30000000    0.1996913E+01    0.1898243E+01    0.7811039E-01    0.9935675E+00    0.9935675E+00    0.1053002E-01    0.9589737E-03    0.5675854E-02    0.5675854E-02    0.7008866E-02    0.7008866E-02    0.6460665E-03    0.1047071E-02    0.1047071E-02
      10.40000000    0.1996913E+01    0.1898244E+01    0.7810789E-01    0.9935675E+00    0.9935675E+00    0.1053093E-01    0.9589685E-03    0.5675926E-02    0.5675926E-02    0.7008846E-02    0.7008846E-02    0.6464080E-03    0.1047014E-02    0.1047014E-02
      10.50000000    0.1996913E+01    0.1898246E+01    0.7810531E-01    0.9935675E+00    0.9935675E+00    0.1053185E-01    0.9589634E-03    0.5675974E-02    0.5675974E-02    0.7008828E-02    0.7008828E-02    0.6467505E-03    0.1046958E-02    0.1046958E-02
      10.60000000    0.1996913E+01    0.1898247E+01    0.7810263E-01    0.9935675E+00    0.9935675E+00    0.1053278E-01    0.9589583E-03    0.5675998E-02    0.5675998E-02    0.7008812E-02    0.7008812E-02    0.6470935E-03    0.1046901E-02    0.1046901E-02
      10.70000000    0.1996913E+01    0.1898249E+01    0.7809987E-01    0.9935675E+00    0.9935675E+00    0.1053371E-01    0.9589532E-03    0.5675998E-02    0.5675998E-02    0.7008798E-02    0.7008798E-02    0.6474364E-03    0.1046845E-02    0.1046845E-02
      10.80000000    0.1996913E+01    0.1898250E+01    0.7809702E-01    0.9935676E+00    0.9935676E+00    0.1053465E-01    0.9589482E-03    0.5675972E-02    0.5675972E-02    0.7008786E-02    0.7008786E-02    0.6477787E-03    0.1046788E-02    0.1046788E-02
      10.90000000    0.1996913E+01    0.1898252E+01    0.7809409E-01    0.9935677E+00    0.9935677E+00    0.1053558E-01    0.9589432E-03    0.5675920E-02    0.5675920E-02    0.7008776E-02    0.7008776E-02    0.6481197E-03    0.1046732E-02    0.1046732E-02
      11.00000000    0.1996913E+01    0.1898254E+01    0.7809109E-01    0.9935678E+00    0.9935678E+00    0.1053652E-01    0.9589384E-03    0.5675841E-02    0.5675841E-02    0.7008769E-02    0.7008769E-02    0.6484589E-03    0.1046676E-02    0.1046676E-02
      11.10000000    0.1996913E+01    0.1898256E+01    0.7808800E-01    0.9935679E+00    0.9935679E+00    0.1053745E-01    0.9589337E-03    0.5675736E-02    0.5675736E-02    0.7008764E-02    0.7008764E-02    0.6487957E-03    0.1046621E-02    0.1046621E-02
      11.20000000    0.1996913E+01    0.1898258E+01    0.7808484E-01    0.9935681E+00    0.9935681E+00    0.1053838E-01    0.9589290E-03    0.5675603E-02    0.5675603E-02    0.7008761E-02    0.7008761E-02    0.6491291E-03    0.1046566E-02    0.1046566E-02
      11.30000000    0.1996913E+01    0.1898260E+01    0.7808162E-01    0.9935683E+00    0.9935683E+00    0.1053931E-01    0.9589244E-03    0.5675443E-02    0.5675443E-02    0.7008761E-02    0.7008761E-02    0.6494583E-03    0.1046512E-02    0.1046512E-02
      11.40000000    0.1996913E+01    0.1898262E+01    0.7807833E-01    0.9935685E+00    0.9935685E+00    0.1054023E-01    0.9589198E-03    0.5675257E-02    0.5675257E-02    0.7008763E-02    0.7008763E-02    0.6497824E-03    0.1046459E-02    0.1046459E-02
      11.50000000    0.1996913E+01    0.1898264E+01    0.7807498E-01    0.9935688E+00    0.9935688E+00    0.1054114E-01    0.9589154E-03    0.5675043E-02    0.5675043E-02    0.7008768E-02    0.7008768E-02    0.6501005E-03    0.1046406E-02    0.1046406E-02
      11.60000000    0.1996913E+01    0.1898266E+01    0.7807158E-01    0.9935690E+00    0.9935690E+00    0.1054204E-01    0.9589112E-03    0.5674803E-02    0.5674803E-02    0.7008776E-02    0.7008776E-02    0.6504117E-03    0.1046355E-02    0.1046355E-02
      11.70000000    0.1996913E+01    0.1898269E+01    0.7806813E-01    0.9935693E+00    0.9935693E+00    0.1054293E-01    0.9589070E-03    0.5674537E-02    0.5674537E-02    0.7008786E-02    0.7008786E-02    0.6507152E-03    0.1046305E-02    0.1046305E-02
      11.80000000    0.1996913E+01    0.1898271E+01    0.7806464E-01    0.9935696E+00    0.9935696E+00    0.1054381E-01    0.9589030E-03    0.5674246E-02    0.5674246E-02    0.7008799E-02    0.7008799E-02    0.6510099E-03    0.1046256E-02    0.1046256E-02
      11.90000000    0.1996913E+01    0.1898273E+01    0.7806111E-01    0.9935700E+00    0.9935700E+00    0.1054467E-01    0.9588992E-03    0.5673931E-02    0.5673931E-02    0.7008814E-02    0.7008814E-02    0.6512952E-03    0.1046209E-02    0.1046209E-02
      12.00000000    0.1996913E+01    0.1898276E+01    0.7805755E-01    0.9935703E+00    0.9935703E+00    0.1054552E-01    0.9588955E-03    0.5673592E-02    0.5673592E-02    0.7008832E-02    0.7008832E-02    0.6515705E-03    0.1046163E-02    0.1046163E-02
      12.10000000    0.1996913E+01    0.1898278E+01    0.7805397E-01    0.9935707E+00    0.9935707E+00    0.1054634E-01    0.9588919E-03    0.5673232E-02    0.5673232E-02    0.7008853E-02    0.7008853E-02    0.6518350E-03    0.1046119E-02    0.1046119E-02
      12.20000000    0.1996913E+01    0.1898281E+01    0.7805038E-01    0.9935711E+00    0.9935711E+00    0.1054715E-01    0.9588885E-03    0.5672851E-02    0.5672851E-02    0.7008876E-02    0.7008876E-02    0.6520883E-03    0.1046077E-02    0.1046077E-02
      12.30000000    0.1996913E+01    0.1898283E+01    0.7804678E-01    0.9935715E+00    0.9935715E+00    0.1054793E-01    0.9588854E-03    0.5672452E-02    0.5672452E-02    0.7008902E-02    0.7008902E-02    0.6523296E-03    0.1046036E-02    0.1046036E-02
      12.40000000    0.1996913E+01    0.1898286E+01    0.7804319E-01    0.9935720E+00    0.9935720E+00    0.1054869E-01    0.9588825E-03    0.5672036E-02    0.5672036E-02    0.7008930E-02    0.7008930E-02    0.6525585E-03    0.1045998E-02    0.1045998E-02
      12.50000000    0.1996913E+01    0.1898289E+01    0.7803960E-01    0.9935724E+00    0.9935724E+00    0.1054943E-01    0.9588798E-03    0.5671605E-02    0.5671605E-02    0.7008960E-02    0.7008960E-02    0.6527746E-03    0.1045962E-02    0.1045962E-02
      12.60000000    0.1996913E+01    0.1898291E+01    0.7803604E-01    0.9935729E+00    0.9935729E+00    0.1055014E-01    0.9588774E-03    0.5671160E-02    0.5671160E-02    0.7008992E-02    0.7008992E-02    0.6529773E-03    0.1045928E-02    0.1045928E-02
      12.70000000    0.1996913E+01    0.1898294E+01    0.7803250E-01    0.9935734E+00    0.9935734E+00    0.1055081E-01    0.9588751E-03    0.5670705E-02    0.5670705E-02    0.7009026E-02    0.7009026E-02    0.6531662E-03    0.1045896E-02    0.1045896E-02
      12.80000000    0.1996913E+01    0.1898297E+01    0.7802901E-01    0.9935738E+00    0.9935738E+00    0.1055146E-01    0.9588730E-03    0.5670240E-02    0.5670240E-02    0.7009063E-02    0.7009063E-02    0.6533406E-03    0.1045867E-02    0.1045867E-02
      12.90000000    0.1996913E+01    0.1898299E+01    0.7802556E-01    0.9935743E+00    0.9935743E+00    0.1055208E-01    0.9588712E-03    0.5669768E-02    0.5669768E-02    0.7009100E-02    0.7009100E-02    0.6535000E-03    0.1045840E-02    0.1045840E-02
      13.00000000    0.1996913E+01    0.1898302E+01    0.7802217E-01    0.9935748E+00    0.9935748E+00    0.1055267E-01    0.9588696E-03    0.5669291E-02    0.5669291E-02    0.7009140E-02    0.7009140E-02    0.6536437E-03    0.1045816E-02    0.1045816E-02
      13.10000000    0.1996913E+01    0.1898304E+01    0.7801885E-01    0.9935753E+00    0.9935753E+00    0.1055322E-01    0.9588682E-03    0.5668812E-02    0.5668812E-02    0.7009180E-02    0.7009180E-02    0.6537712E-03    0.1045795E-02    0.1045795E-02
      13.20000000    0.1996913E+01    0.1898307E+01    0.7801560E-01    0.9935758E+00    0.9935758E+00    0.1055374E-01    0.9588671E-03    0.5668333E-02    0.5668333E-02    0.7009222E-02    0.7009222E-02    0.6538818E-03    0.1045776E-02    0.1045776E-02
      13.30000000    0.1996913E+01    0.1898310E+01    0.7801244E-01    0.9935762E+00    0.9935762E+00    0.1055422E-01    0.9588661E-03    0.5667856E-02    0.5667856E-02    0.7009264E-02    0.7009264E-02    0.6539750E-03    0.1045760E-02    0.1045760E-02
      13.40000000    0.1996913E+01    0.1898312E+01    0.7800938E-01    0.9935767E+00    0.9935767E+00    0.1055467E-01    0.9588654E-03    0.5667383E-02    0.5667383E-02    0.7009307E-02    0.7009307E-02    0.6540502E-03    0.1045748E-02    0.1045748E-02
      13.50000000    0.1996913E+01    0.1898315E+01    0.7800643E-01    0.9935772E+00    0.9935772E+00    0.1055507E-01    0.9588649E-03    0.5666917E-02    0.5666918E-02    0.7009350E-02    0.7009350E-02    0.6541069E-03    0.1045738E-02    0.1045738E-02
      13.60000000    0.1996913E+01    0.1898317E+01    0.7800359E-01    0.9935776E+00    0.9935776E+00    0.1055544E-01    0.9588646E-03    0.5666461E-02    0.5666461E-02    0.7009394E-02    0.7009394E-02    0.6541448E-03    0.1045731E-02    0.1045731E-02
      13.70000000    0.1996913E+01    0.1898319E+01    0.7800088E-01    0.9935781E+00    0.9935781E+00    0.1055577E-01    0.9588645E-03    0.5666017E-02    0.5666017E-02    0.7009438E-02    0.7009438E-02    0.6541635E-03    0.1045728E-02    0.1045728E-02
      13.80000000    0.1996913E+01    0.1898321E+01    0.7799831E-01    0.9935785E+00    0.9935785E+00    0.1055605E-01    0.9588646E-03    0.5665587E-02    0.5665587E-02    0.7009481E-02    0.7009481E-02    0.6541628E-03    0.1045727E-02    0.1045727E-02
      13.90000000    0.1996913E+01    0.1898324E+01    0.7799588E-01    0.9935789E+00    0.9935789E+00    0.1055629E-01    0.9588651E-03    0.5665174E-02    0.5665174E-02    0.7009523E-02    0.7009523E-02    0.6541424E-03    0.1045730E-02    0.1045730E-02
      14.00000000    0.1996913E+01    0.1898326E+01    0.7799362E-01    0.9935793E+00    0.9935793E+00    0.1055649E-01    0.9588658E-03    0.5664781E-02    0.5664781E-02    0.7009565E-02    0.7009565E-02    0.6541024E-03    0.1045736E-02    0.1045736E-02
      14.10000000    0.1996913E+01    0.1898328E+01    0.7799152E-01    0.9935796E+00    0.9935796E+00    0.1055665E-01    0.9588667E-03    0.5664410E-02    0.5664410E-02    0.7009606E-02    0.7009606E-02    0.6540430E-03    0.1045745E-02    0.1045745E-02
      14.20000000    0.1996913E+01    0.1898329E+01    0.7798959E-01    0.9935799E+00    0.9935799E+00    0.1055676E-01    0.9588678E-03    0.5664063E-02    0.5664063E-02    0.7009645E-02    0.7009645E-02    0.6539642E-03    0.1045758E-02    0.1045758E-02
      14.30000000    0.1996913E+01    0.1898331E+01    0.7798786E-01    0.9935803E+00    0.9935803E+00    0.1055682E-01    0.9588691E-03    0.5663742E-02    0.5663742E-02    0.7009683E-02    0.7009683E-02    0.6538662E-03    0.1045773E-02    0.1045773E-02
      14.40000000    0.1996913E+01    0.1898333E+01    0.7798632E-01    0.9935805E+00    0.9935805E+00    0.1055684E-01    0.9588706E-03    0.5663451E-02    0.5663451E-02    0.7009719E-02    0.7009719E-02    0.6537492E-03    0.1045792E-02    0.1045792E-02
      14.50000000    0.1996913E+01    0.1898334E+01    0.7798498E-01    0.9935808E+00    0.9935808E+00    0.1055681E-01    0.9588723E-03    0.5663190E-02    0.5663190E-02    0.7009753E-02    0.7009753E-02    0.6536135E-03    0.1045814E-02    0.1045814E-02
      14.60000000    0.1996913E+01    0.1898335E+01    0.7798385E-01    0.9935810E+00    0.9935810E+00    0.1055674E-01    0.9588743E-03    0.5662961E-02    0.5662961E-02    0.7009784E-02    0.7009784E-02    0.6534594E-03    0.1045839E-02    0.1045839E-02
      14.70000000    0.1996913E+01    0.1898336E+01    0.7798294E-01    0.9935812E+00    0.9935812E+00    0.1055663E-01    0.9588764E-03    0.5662767E-02    0.5662767E-02    0.7009812E-02    0.7009812E-02    0.6532869E-03    0.1045867E-02    0.1045867E-02
      14.80000000    0.1996913E+01    0.1898337E+01    0.7798225E-01    0.9935813E+00    0.9935813E+00    0.1055646E-01    0.9588786E-03    0.5662608E-02    0.5662608E-02    0.7009837E-02    0.7009837E-02    0.6530964E-03    0.1045899E-02    0.1045899E-02
      14.90000000    0.1996913E+01    0.1898338E+01    0.7798180E-01    0.9935814E+00    0.9935814E+00    0.1055625E-01    0.9588810E-03    0.5662486E-02    0.5662486E-02    0.7009860E-02    0.7009860E-02    0.6528882E-03    0.1045933E-02    0.1045933E-02
      15.00000000    0.1996913E+01    0.1898339E+01    0.7798158E-01    0.9935815E+00    0.9935815E+00    0.1055600E-01    0.9588836E-03    0.5662403E-02    0.5662403E-02    0.7009878E-02    0.7009878E-02    0.6526627E-03    0.1045971E-02    0.1045971E-02
      15.10000000    0.1996913E+01    0.1898339E+01    0.7798161E-01    0.9935815E+00    0.9935815E+00    0.1055570E-01    0.9588863E-03    0.5662358E-02    0.5662358E-02    0.7009893E-02    0.7009893E-02    0.6524201E-03    0.1046011E-02    0.1046011E-02
      15.20000000    0.1996913E+01    0.1898339E+01    0.7798189E-01    0.9935815E+00    0.9935815E+00    0.1055536E-01    0.9588892E-03    0.5662354E-02    0.5662354E-02    0.7009904E-02    0.7009904E-02    0.6521609E-03    0.1046054E-02    0.1046054E-02
      15.30000000    0.1996913E+01    0.1898339E+01    0.7798242E-01    0.9935814E+00    0.9935814E+00    0.1055498E-01    0.9588921E-03    0.5662390E-02    0.5662390E-02    0.7009911E-02    0.7009911E-02    0.6518855E-03    0.1046099E-02    0.1046099E-02
      15.40000000    0.1996913E+01    0.1898339E+01    0.7798321E-01    0.9935813E+00    0.9935813E+00    0.1055455E-01    0.9588953E-03    0.5662467E-02    0.5662467E-02    0.7009914E-02    0.7009914E-02    0.6515944E-03    0.1046148E-02    0.1046148E-02
      15.50000000    0.1996913E+01    0.1898339E+01    0.7798426E-01    0.9935812E+00    0.9935812E+00    0.1055407E-01    0.9588986E-03    0.5662586E-02    0.5662586E-02    0.7009912E-02    0.7009912E-02    0.6512884E-03    0.1046199E-02    0.1046199E-02
      15.60000000    0.1996913E+01    0.1898338E+01    0.7798557E-01    0.9935810E+00    0.9935810E+00    0.1055356E-01    0.9589020E-03    0.5662745E-02    0.5662745E-02    0.7009906E-02    0.7009906E-02    0.6509681E-03    0.1046252E-02    0.1046252E-02
      15.70000000    0.1996913E+01    0.1898338E+01    0.7798715E-01    0.9935808E+00    0.9935808E+00    0.1055300E-01    0.9589055E-03    0.5662946E-02    0.5662946E-02    0.7009895E-02    0.7009895E-02    0.6506343E-03    0.1046307E-02    0.1046307E-02
      15.80000000    0.1996913E+01    0.1898337E+01    0.7798900E-01    0.9935805E+00    0.9935805E+00    0.1055239E-01    0.9589091E-03    0.5663187E-02    0.5663187E-02    0.7009880E-02    0.7009880E-02    0.6502878E-03    0.1046365E-02    0.1046365E-02
      15.90000000    0.1996913E+01    0.1898336E+01    0.7799111E-01    0.9935802E+00    0.9935802E+00    0.1055175E-01    0.9589128E-03    0.5663469E-02    0.5663469E-02    0.7009860E-02    0.7009860E-02    0.6499295E-03    0.1046425E-02    0.1046425E-02
      16.00000000    0.1996913E+01    0.1898334E+01    0.7799349E-01    0.9935799E+00    0.9935799E+00    0.1055106E-01    0.9589166E-03    0.5663789E-02    0.5663789E-02    0.7009835E-02    0.7009835E-02    0.6495604E-03    0.1046486E-02    0.1046486E-02
      16.10000000    0.1996913E+01    0.1898333E+01    0.7799613E-01    0.9935795E+00    0.9935795E+00    0.1055034E-01    0.9589205E-03    0.5664147E-02    0.5664147E-02    0.7009805E-02    0.7009805E-02    0.6491813E-03    0.1046549E-02    0.1046549E-02
      16.20000000    0.1996913E+01    0.1898331E+01    0.7799904E-01    0.9935791E+00    0.9935791E+00    0.1054958E-01    0.9589245E-03    0.5664542E-02    0.5664542E-02    0.7009770E-02    0.7009770E-02    0.6487934E-03    0.1046614E-02    0.1046614E-02
      16.30000000    0.1996913E+01    0.1898329E+01    0.7800222E-01    0.9935786E+00    0.9935786E+00    0.1054878E-01    0.9589285E-03    0.5664972E-02    0.5664972E-02    0.7009730E-02    0.7009730E-02    0.6483976E-03    0.1046680E-02    0.1046680E-02
      16.40000000    0.1996913E+01    0.1898327E+01    0.7800565E-01    0.9935781E+00    0.9935781E+00    0.1054794E-01    0.9589325E-03    0.5665435E-02    0.5665435E-02    0.7009685E-02    0.7009685E-02    0.6479948E-03    0.1046748E-02    0.1046748E-02
      16.50000000    0.1996913E+01    0.1898324E+01    0.7800934E-01    0.9935776E+00    0.9935776E+00    0.1054707E-01    0.9589365E-03    0.5665928E-02    0.5665928E-02    0.7009636E-02    0.7009636E-02    0.6475862E-03    0.1046816E-02    0.1046816E-02
      16.60000000    0.1996913E+01    0.1898322E+01    0.7801328E-01    0.9935770E+00    0.9935770E+00    0.1054616E-01    0.9589406E-03    0.5666450E-02    0.5666450E-02    0.7009582E-02    0.7009582E-02    0.6471727E-03    0.1046886E-02    0.1046886E-02
      16.70000000    0.1996913E+01    0.1898319E+01    0.7801747E-01    0.9935765E+00    0.9935765E+00    0.1054522E-01    0.9589446E-03    0.5666999E-02    0.5666999E-02    0.7009524E-02    0.7009524E-02    0.6467554E-03    0.1046956E-02    0.1046956E-02
      16.80000000    0.1996913E+01    0.1898316E+01    0.7802190E-01    0.9935759E+00    0.9935759E+00    0.1054425E-01    0.9589487E-03    0.5667572E-02    0.5667572E-02    0.7009462E-02    0.7009462E-02    0.6463352E-03    0.1047027E-02    0.1047027E-02
