 
       0.10000000    0.2000000E+01    0.2000000E+01    0.1999998E+01    0.1999771E+01    0.1999559E+01    0.1999414E+01    0.1999125E+01    0.1988270E+01    0.1983421E+01    0.1982496E+01    0.1979364E+01    0.1018324E+01    0.3934540E-01    0.6159418E-02    0.4754304E-02
       0.20500000    0.1999999E+01    0.1999999E+01    0.1999996E+01    0.1999657E+01    0.1999258E+01    0.1998823E+01    0.1998734E+01    0.1985061E+01    0.1978401E+01    0.1974878E+01    0.1968575E+01    0.1023650E+01    0.5579515E-01    0.1002423E-01    0.7148961E-02
       0.31525000    0.1999999E+01    0.1999999E+01    0.1999994E+01    0.1999562E+01    0.1999088E+01    0.1998218E+01    0.1998043E+01    0.1982821E+01    0.1974386E+01    0.1969117E+01    0.1959116E+01    0.1027740E+01    0.6971174E-01    0.1372470E-01    0.8479656E-02
       0.43101250    0.1999999E+01    0.1999998E+01    0.1999991E+01    0.1999484E+01    0.1998959E+01    0.1997573E+01    0.1997177E+01    0.1981360E+01    0.1971320E+01    0.1965017E+01    0.1951270E+01    0.1030818E+01    0.8090573E-01    0.1687507E-01    0.9251980E-02
       0.55256313    0.1999998E+01    0.1999998E+01    0.1999989E+01    0.1999418E+01    0.1998855E+01    0.1996803E+01    0.1996222E+01    0.1980480E+01    0.1969071E+01    0.1962193E+01    0.1944921E+01    0.1033106E+01    0.8966722E-01    0.1961338E-01    0.9664687E-02
       0.68019128    0.1999998E+01    0.1999998E+01    0.1999986E+01    0.1999360E+01    0.1998767E+01    0.1995915E+01    0.1995184E+01    0.1980019E+01    0.1967481E+01    0.1960325E+01    0.1939854E+01    0.1034801E+01    0.9640336E-01    0.2207203E-01    0.9836989E-02
       0.81420085    0.1999998E+01    0.1999997E+01    0.1999983E+01    0.1999308E+01    0.1998690E+01    0.1994930E+01    0.1994079E+01    0.1979852E+01    0.1966397E+01    0.1959173E+01    0.1935848E+01    0.1036067E+01    0.1015113E+00    0.2431845E-01    0.9847412E-02
       0.95491089    0.1999998E+01    0.1999997E+01    0.1999981E+01    0.1999261E+01    0.1998621E+01    0.1993882E+01    0.1992937E+01    0.1979886E+01    0.1965690E+01    0.1958559E+01    0.1932703E+01    0.1037031E+01    0.1053386E+00    0.2636642E-01    0.9750345E-02
       1.10265643    0.1999998E+01    0.1999997E+01    0.1999978E+01    0.1999217E+01    0.1998557E+01    0.1992817E+01    0.1991797E+01    0.1980047E+01    0.1965253E+01    0.1958343E+01    0.1930248E+01    0.1037789E+01    0.1081752E+00    0.2819816E-01    0.9585373E-02
       1.25778925    0.1999998E+01    0.1999997E+01    0.1999975E+01    0.1999178E+01    0.1998499E+01    0.1991783E+01    0.1990696E+01    0.1980280E+01    0.1965009E+01    0.1958412E+01    0.1928341E+01    0.1038407E+01    0.1102569E+00    0.2978630E-01    0.9382563E-02
       1.42067872    0.1999997E+01    0.1999997E+01    0.1999973E+01    0.1999142E+01    0.1998445E+01    0.1990826E+01    0.1989672E+01    0.1980544E+01    0.1964896E+01    0.1958671E+01    0.1926862E+01    0.1038927E+01    0.1117711E+00    0.3111129E-01    0.9165307E-02
       1.59171265    0.1999997E+01    0.1999996E+01    0.1999971E+01    0.1999109E+01    0.1998394E+01    0.1989982E+01    0.1988747E+01    0.1980813E+01    0.1964872E+01    0.1959037E+01    0.1925718E+01    0.1039376E+01    0.1128640E+00    0.3217144E-01    0.8951960E-02
       1.77129828    0.1999997E+01    0.1999996E+01    0.1999969E+01    0.1999079E+01    0.1998345E+01    0.1989269E+01    0.1987935E+01    0.1981070E+01    0.1964904E+01    0.1959447E+01    0.1924833E+01    0.1039767E+01    0.1136459E+00    0.3298476E-01    0.8757471E-02
       1.95986320    0.1999997E+01    0.1999996E+01    0.1999968E+01    0.1999051E+01    0.1998296E+01    0.1988695E+01    0.1987229E+01    0.1981304E+01    0.1964970E+01    0.1959852E+01    0.1924154E+01    0.1040107E+01    0.1141974E+00    0.3358495E-01    0.8596599E-02
       2.15785636    0.1999997E+01    0.1999996E+01    0.1999967E+01    0.1999026E+01    0.1998247E+01    0.1988264E+01    0.1986598E+01    0.1981512E+01    0.1965053E+01    0.1960221E+01    0.1923643E+01    0.1040395E+01    0.1145728E+00    0.3401554E-01    0.8492221E-02
       2.36574918    0.1999997E+01    0.1999996E+01    0.1999967E+01    0.1999000E+01    0.1998196E+01    0.1987989E+01    0.1985966E+01    0.1981680E+01    0.1965144E+01    0.1960537E+01    0.1923281E+01    0.1040620E+01    0.1147993E+00    0.3432724E-01    0.8498851E-02
       2.58403664    0.1999997E+01    0.1999996E+01    0.1999967E+01    0.1998971E+01    0.1998146E+01    0.1987898E+01    0.1985194E+01    0.1981744E+01    0.1965239E+01    0.1960800E+01    0.1923076E+01    0.1040749E+01    0.1148683E+00    0.3458514E-01    0.8769607E-02
       2.81323847    0.1999997E+01    0.1999995E+01    0.1999969E+01    0.1998929E+01    0.1998110E+01    0.1987964E+01    0.1984208E+01    0.1981368E+01    0.1965344E+01    0.1961026E+01    0.1923077E+01    0.1040692E+01    0.1147122E+00    0.3489458E-01    0.9714648E-02
       3.05390039    0.1999997E+01    0.1999995E+01    0.1999971E+01    0.1998855E+01    0.1998126E+01    0.1987929E+01    0.1983541E+01    0.1979479E+01    0.1965471E+01    0.1961253E+01    0.1923361E+01    0.1040288E+01    0.1142196E+00    0.3541503E-01    0.1210025E-01
       3.30659541    0.1999997E+01    0.1999995E+01    0.1999974E+01    0.1998733E+01    0.1998218E+01    0.1987392E+01    0.1983308E+01    0.1976165E+01    0.1965608E+01    0.1961534E+01    0.1923882E+01    0.1039494E+01    0.1134363E+00    0.3617925E-01    0.1608442E-01
       3.57192518    0.1999997E+01    0.1999995E+01    0.1999976E+01    0.1998600E+01    0.1998326E+01    0.1986498E+01    0.1983080E+01    0.1973277E+01    0.1965719E+01    0.1961899E+01    0.1924420E+01    0.1038644E+01    0.1126573E+00    0.3688739E-01    0.2002321E-01
       3.85052144    0.1999997E+01    0.1999996E+01    0.1999976E+01    0.1998497E+01    0.1998386E+01    0.1985718E+01    0.1982805E+01    0.1971546E+01    0.1965792E+01    0.1962294E+01    0.1924825E+01    0.1038057E+01    0.1120802E+00    0.3733004E-01    0.2270060E-01
       4.14304751    0.1999997E+01    0.1999996E+01    0.1999976E+01    0.1998448E+01    0.1998384E+01    0.1985212E+01    0.1982537E+01    0.1970634E+01    0.1965828E+01    0.1962623E+01    0.1925085E+01    0.1037751E+01    0.1117218E+00    0.3754937E-01    0.2425760E-01
       4.45019989    0.1999997E+01    0.1999996E+01    0.1999975E+01    0.1998439E+01    0.1998347E+01    0.1984921E+01    0.1982322E+01    0.1970174E+01    0.1965835E+01    0.1962846E+01    0.1925239E+01    0.1037631E+01    0.1115227E+00    0.3763488E-01    0.2512210E-01
       4.77270988    0.1999996E+01    0.1999996E+01    0.1999975E+01    0.1998433E+01    0.1998317E+01    0.1984757E+01    0.1982169E+01    0.1969952E+01    0.1965825E+01    0.1962971E+01    0.1925330E+01    0.1037609E+01    0.1114195E+00    0.3765076E-01    0.2559873E-01
       5.11134538    0.1999996E+01    0.1999996E+01    0.1999974E+01    0.1998427E+01    0.1998298E+01    0.1984662E+01    0.1982069E+01    0.1969855E+01    0.1965810E+01    0.1963028E+01    0.1925386E+01    0.1037631E+01    0.1113676E+00    0.3763573E-01    0.2586394E-01
       5.46691264    0.1999996E+01    0.1999996E+01    0.1999974E+01    0.1998421E+01    0.1998287E+01    0.1984603E+01    0.1982006E+01    0.1969820E+01    0.1965794E+01    0.1963045E+01    0.1925424E+01    0.1037667E+01    0.1113412E+00    0.3761090E-01    0.2601449E-01
       5.84025828    0.1999996E+01    0.1999996E+01    0.1999974E+01    0.1998417E+01    0.1998279E+01    0.1984566E+01    0.1981966E+01    0.1969813E+01    0.1965780E+01    0.1963040E+01    0.1925452E+01    0.1037705E+01    0.1113266E+00    0.3758636E-01    0.2610259E-01
       6.23227119    0.1999996E+01    0.1999996E+01    0.1999974E+01    0.1998414E+01    0.1998275E+01    0.1984540E+01    0.1981943E+01    0.1969817E+01    0.1965769E+01    0.1963025E+01    0.1925473E+01    0.1037738E+01    0.1113174E+00    0.3756600E-01    0.2615624E-01
       6.64388475    0.1999996E+01    0.1999996E+01    0.1999974E+01    0.1998412E+01    0.1998272E+01    0.1984522E+01    0.1981928E+01    0.1969825E+01    0.1965761E+01    0.1963005E+01    0.1925490E+01    0.1037766E+01    0.1113106E+00    0.3755060E-01    0.2619046E-01
       7.07607899    0.1999996E+01    0.1999996E+01    0.1999974E+01    0.1998411E+01    0.1998270E+01    0.1984509E+01    0.1981920E+01    0.1969834E+01    0.1965755E+01    0.1962985E+01    0.1925503E+01    0.1037788E+01    0.1113052E+00    0.3753963E-01    0.2621337E-01
       7.52988294    0.1999996E+01    0.1999996E+01    0.1999974E+01    0.1998410E+01    0.1998269E+01    0.1984500E+01    0.1981916E+01    0.1969841E+01    0.1965752E+01    0.1962967E+01    0.1925513E+01    0.1037806E+01    0.1113006E+00    0.3753215E-01    0.2622938E-01
       8.00637708    0.1999996E+01    0.1999996E+01    0.1999974E+01    0.1998410E+01    0.1998268E+01    0.1984492E+01    0.1981913E+01    0.1969847E+01    0.1965749E+01    0.1962950E+01    0.1925521E+01    0.1037819E+01    0.1112968E+00    0.3752723E-01    0.2624094E-01
       8.50669594    0.1999996E+01    0.1999996E+01    0.1999974E+01    0.1998409E+01    0.1998267E+01    0.1984487E+01    0.1981912E+01    0.1969851E+01    0.1965748E+01    0.1962936E+01    0.1925527E+01    0.1037830E+01    0.1112938E+00    0.3752410E-01    0.2624949E-01
       9.03203074    0.1999996E+01    0.1999996E+01    0.1999974E+01    0.1998409E+01    0.1998267E+01    0.1984483E+01    0.1981912E+01    0.1969854E+01    0.1965747E+01    0.1962924E+01    0.1925531E+01    0.1037838E+01    0.1112914E+00    0.3752217E-01    0.2625591E-01
       9.58363227    0.1999996E+01    0.1999996E+01    0.1999974E+01    0.1998409E+01    0.1998267E+01    0.1984480E+01    0.1981912E+01    0.1969857E+01    0.1965747E+01    0.1962914E+01    0.1925534E+01    0.1037844E+01    0.1112896E+00    0.3752103E-01    0.2626074E-01
      10.16281389    0.1999996E+01    0.1999996E+01    0.1999974E+01    0.1998409E+01    0.1998266E+01    0.1984478E+01    0.1981912E+01    0.1969859E+01    0.1965746E+01    0.1962906E+01    0.1925536E+01    0.1037849E+01    0.1112883E+00    0.3752039E-01    0.2626439E-01
      10.77095458    0.1999996E+01    0.1999996E+01    0.1999974E+01    0.1998409E+01    0.1998266E+01    0.1984477E+01    0.1981912E+01    0.1969860E+01    0.1965746E+01    0.1962900E+01    0.1925538E+01    0.1037852E+01    0.1112875E+00    0.3752006E-01    0.2626713E-01
      11.40950231    0.1999996E+01    0.1999996E+01    0.1999974E+01    0.1998408E+01    0.1998266E+01    0.1984476E+01    0.1981913E+01    0.1969861E+01    0.1965747E+01    0.1962894E+01    0.1925538E+01    0.1037855E+01    0.1112871E+00    0.3751991E-01    0.2626918E-01
      12.07997742    0.1999996E+01    0.1999996E+01    0.1999974E+01    0.1998408E+01    0.1998266E+01    0.1984475E+01    0.1981913E+01    0.1969862E+01    0.1965747E+01    0.1962890E+01    0.1925539E+01    0.1037857E+01    0.1112868E+00    0.3751988E-01    0.2627069E-01
      12.78397630    0.1999996E+01    0.1999996E+01    0.1999974E+01    0.1998408E+01    0.1998266E+01    0.1984475E+01    0.1981913E+01    0.1969862E+01    0.1965747E+01    0.1962887E+01    0.1925539E+01    0.1037859E+01    0.1112868E+00    0.3751990E-01    0.2627180E-01
      13.52317511    0.1999996E+01    0.1999996E+01    0.1999974E+01    0.1998408E+01    0.1998266E+01    0.1984475E+01    0.1981914E+01    0.1969862E+01    0.1965747E+01    0.1962885E+01    0.1925539E+01    0.1037860E+01    0.1112869E+00    0.3751995E-01    0.2627260E-01
      14.29933387    0.1999996E+01    0.1999996E+01    0.1999974E+01    0.1998408E+01    0.1998266E+01    0.1984474E+01    0.1981914E+01    0.1969863E+01    0.1965747E+01    0.1962883E+01    0.1925539E+01    0.1037861E+01    0.1112870E+00    0.3752001E-01    0.2627317E-01
      15.11430056    0.1999996E+01    0.1999996E+01    0.1999974E+01    0.1998408E+01    0.1998266E+01    0.1984474E+01    0.1981914E+01    0.1969863E+01    0.1965747E+01    0.1962882E+01    0.1925539E+01    0.1037861E+01    0.1112872E+00    0.3752007E-01    0.2627357E-01
      15.97001559    0.1999996E+01    0.1999996E+01    0.1999974E+01    0.1998408E+01    0.1998266E+01    0.1984474E+01    0.1981914E+01    0.1969863E+01    0.1965747E+01    0.1962881E+01    0.1925539E+01    0.1037862E+01    0.1112874E+00    0.3752012E-01    0.2627385E-01
      16.86851637    0.1999996E+01    0.1999996E+01    0.1999974E+01    0.1998408E+01    0.1998266E+01    0.1984474E+01    0.1981914E+01    0.1969863E+01    0.1965747E+01    0.1962880E+01    0.1925538E+01    0.1037862E+01    0.1112876E+00    0.3752016E-01    0.2627404E-01
      17.81194218    0.1999996E+01    0.1999996E+01    0.1999974E+01    0.1998408E+01    0.1998266E+01    0.1984474E+01    0.1981914E+01    0.1969863E+01    0.1965747E+01    0.1962879E+01    0.1925538E+01    0.1037862E+01    0.1112877E+00    0.3752020E-01    0.2627416E-01
      18.80253929    0.1999996E+01    0.1999996E+01    0.1999974E+01    0.1998408E+01    0.1998266E+01    0.1984474E+01    0.1981914E+01    0.1969863E+01    0.1965747E+01    0.1962879E+01    0.1925538E+01    0.1037863E+01    0.1112878E+00    0.3752023E-01    0.2627424E-01
      19.80253929    0.1999996E+01    0.1999996E+01    0.1999974E+01    0.1998408E+01    0.1998266E+01    0.1984474E+01    0.1981914E+01    0.1969863E+01    0.1965747E+01    0.1962879E+01    0.1925538E+01    0.1037863E+01    0.1112879E+00    0.3752025E-01    0.2627430E-01
      20.80253929    0.1999996E+01    0.1999996E+01    0.1999974E+01    0.1998408E+01    0.1998266E+01    0.1984474E+01    0.1981914E+01    0.1969863E+01    0.1965747E+01    0.1962878E+01    0.1925538E+01    0.1037863E+01    0.1112880E+00    0.3752026E-01    0.2627433E-01
      21.80253929    0.1999996E+01    0.1999996E+01    0.1999974E+01    0.1998408E+01    0.1998266E+01    0.1984474E+01    0.1981914E+01    0.1969863E+01    0.1965747E+01    0.1962878E+01    0.1925538E+01    0.1037863E+01    0.1112880E+00    0.3752027E-01    0.2627435E-01
      22.80253929    0.1999996E+01    0.1999996E+01    0.1999974E+01    0.1998408E+01    0.1998266E+01    0.1984474E+01    0.1981914E+01    0.1969863E+01    0.1965747E+01    0.1962878E+01    0.1925538E+01    0.1037863E+01    0.1112881E+00    0.3752028E-01    0.2627436E-01
      23.80253929    0.1999996E+01    0.1999996E+01    0.1999974E+01    0.1998408E+01    0.1998266E+01    0.1984474E+01    0.1981914E+01    0.1969863E+01    0.1965747E+01    0.1962878E+01    0.1925538E+01    0.1037863E+01    0.1112881E+00    0.3752029E-01    0.2627437E-01
      24.80253929    0.1999996E+01    0.1999996E+01    0.1999974E+01    0.1998408E+01    0.1998266E+01    0.1984474E+01    0.1981914E+01    0.1969863E+01    0.1965747E+01    0.1962878E+01    0.1925538E+01    0.1037863E+01    0.1112881E+00    0.3752029E-01    0.2627437E-01
      25.80253929    0.1999996E+01    0.1999996E+01    0.1999974E+01    0.1998408E+01    0.1998266E+01    0.1984474E+01    0.1981914E+01    0.1969863E+01    0.1965747E+01    0.1962878E+01    0.1925538E+01    0.1037863E+01    0.1112881E+00    0.3752029E-01    0.2627438E-01
      26.80253929    0.1999996E+01    0.1999996E+01    0.1999974E+01    0.1998408E+01    0.1998266E+01    0.1984474E+01    0.1981914E+01    0.1969863E+01    0.1965747E+01    0.1962878E+01    0.1925538E+01    0.1037863E+01    0.1112882E+00    0.3752030E-01    0.2627438E-01
      27.80253929    0.1999996E+01    0.1999996E+01    0.1999974E+01    0.1998408E+01    0.1998266E+01    0.1984474E+01    0.1981914E+01    0.1969863E+01    0.1965747E+01    0.1962878E+01    0.1925538E+01    0.1037863E+01    0.1112882E+00    0.3752030E-01    0.2627438E-01
      28.80253929    0.1999996E+01    0.1999996E+01    0.1999974E+01    0.1998408E+01    0.1998266E+01    0.1984474E+01    0.1981914E+01    0.1969863E+01    0.1965747E+01    0.1962878E+01    0.1925538E+01    0.1037863E+01    0.1112882E+00    0.3752030E-01    0.2627438E-01
      29.80253929    0.1999996E+01    0.1999996E+01    0.1999974E+01    0.1998408E+01    0.1998266E+01    0.1984474E+01    0.1981914E+01    0.1969863E+01    0.1965747E+01    0.1962878E+01    0.1925538E+01    0.1037863E+01    0.1112882E+00    0.3752030E-01    0.2627438E-01
      30.80253929    0.1999996E+01    0.1999996E+01    0.1999974E+01    0.1998408E+01    0.1998266E+01    0.1984474E+01    0.1981914E+01    0.1969863E+01    0.1965747E+01    0.1962878E+01    0.1925538E+01    0.1037863E+01    0.1112882E+00    0.3752030E-01    0.2627438E-01
      31.80253929    0.1999996E+01    0.1999996E+01    0.1999974E+01    0.1998408E+01    0.1998266E+01    0.1984474E+01    0.1981914E+01    0.1969863E+01    0.1965747E+01    0.1962878E+01    0.1925538E+01    0.1037863E+01    0.1112882E+00    0.3752030E-01    0.2627438E-01
      32.80253929    0.1999996E+01    0.1999996E+01    0.1999974E+01    0.1998408E+01    0.1998266E+01    0.1984474E+01    0.1981914E+01    0.1969863E+01    0.1965747E+01    0.1962878E+01    0.1925538E+01    0.1037863E+01    0.1112882E+00    0.3752030E-01    0.2627438E-01
      33.80253929    0.1999996E+01    0.1999996E+01    0.1999974E+01    0.1998408E+01    0.1998266E+01    0.1984474E+01    0.1981914E+01    0.1969863E+01    0.1965747E+01    0.1962878E+01    0.1925538E+01    0.1037863E+01    0.1112882E+00    0.3752030E-01    0.2627438E-01
      34.80253929    0.1999996E+01    0.1999996E+01    0.1999974E+01    0.1998408E+01    0.1998266E+01    0.1984474E+01    0.1981914E+01    0.1969863E+01    0.1965747E+01    0.1962878E+01    0.1925538E+01    0.1037863E+01    0.1112882E+00    0.3752030E-01    0.2627438E-01
      35.80253929    0.1999996E+01    0.1999996E+01    0.1999974E+01    0.1998408E+01    0.1998266E+01    0.1984474E+01    0.1981914E+01    0.1969863E+01    0.1965747E+01    0.1962878E+01    0.1925538E+01    0.1037863E+01    0.1112882E+00    0.3752030E-01    0.2627438E-01
      36.80253929    0.1999996E+01    0.1999996E+01    0.1999974E+01    0.1998408E+01    0.1998266E+01    0.1984474E+01    0.1981914E+01    0.1969863E+01    0.1965747E+01    0.1962878E+01    0.1925538E+01    0.1037863E+01    0.1112882E+00    0.3752030E-01    0.2627438E-01
      37.80253929    0.1999996E+01    0.1999996E+01    0.1999974E+01    0.1998408E+01    0.1998266E+01    0.1984474E+01    0.1981914E+01    0.1969863E+01    0.1965747E+01    0.1962878E+01    0.1925538E+01    0.1037863E+01    0.1112882E+00    0.3752030E-01    0.2627438E-01
      38.80253929    0.1999996E+01    0.1999996E+01    0.1999974E+01    0.1998408E+01    0.1998266E+01    0.1984474E+01    0.1981914E+01    0.1969863E+01    0.1965747E+01    0.1962878E+01    0.1925538E+01    0.1037863E+01    0.1112882E+00    0.3752030E-01    0.2627438E-01
      39.80253929    0.1999996E+01    0.1999996E+01    0.1999974E+01    0.1998408E+01    0.1998266E+01    0.1984474E+01    0.1981914E+01    0.1969863E+01    0.1965747E+01    0.1962878E+01    0.1925538E+01    0.1037863E+01    0.1112882E+00    0.3752030E-01    0.2627438E-01
      40.80253929    0.1999996E+01    0.1999996E+01    0.1999974E+01    0.1998408E+01    0.1998266E+01    0.1984474E+01    0.1981914E+01    0.1969863E+01    0.1965747E+01    0.1962878E+01    0.1925538E+01    0.1037863E+01    0.1112882E+00    0.3752030E-01    0.2627438E-01
      41.80253929    0.1999996E+01    0.1999996E+01    0.1999974E+01    0.1998408E+01    0.1998266E+01    0.1984474E+01    0.1981914E+01    0.1969863E+01    0.1965747E+01    0.1962878E+01    0.1925538E+01    0.1037863E+01    0.1112882E+00    0.3752030E-01    0.2627438E-01
      42.80253929    0.1999996E+01    0.1999996E+01    0.1999974E+01    0.1998408E+01    0.1998266E+01    0.1984474E+01    0.1981914E+01    0.1969863E+01    0.1965747E+01    0.1962878E+01    0.1925538E+01    0.1037863E+01    0.1112882E+00    0.3752030E-01    0.2627438E-01
      43.80253929    0.1999996E+01    0.1999996E+01    0.1999974E+01    0.1998408E+01    0.1998266E+01    0.1984474E+01    0.1981914E+01    0.1969863E+01    0.1965747E+01    0.1962878E+01    0.1925538E+01    0.1037863E+01    0.1112882E+00    0.3752030E-01    0.2627438E-01
      44.80253929    0.1999996E+01    0.1999996E+01    0.1999974E+01    0.1998408E+01    0.1998266E+01    0.1984474E+01    0.1981914E+01    0.1969863E+01    0.1965747E+01    0.1962878E+01    0.1925538E+01    0.1037863E+01    0.1112882E+00    0.3752030E-01    0.2627438E-01
      45.80253929    0.1999996E+01    0.1999996E+01    0.1999974E+01    0.1998408E+01    0.1998266E+01    0.1984474E+01    0.1981914E+01    0.1969863E+01    0.1965747E+01    0.1962878E+01    0.1925538E+01    0.1037863E+01    0.1112882E+00    0.3752030E-01    0.2627438E-01
      46.80253929    0.1999996E+01    0.1999996E+01    0.1999974E+01    0.1998408E+01    0.1998266E+01    0.1984474E+01    0.1981914E+01    0.1969863E+01    0.1965747E+01    0.1962878E+01    0.1925538E+01    0.1037863E+01    0.1112882E+00    0.3752030E-01    0.2627438E-01
      47.80253929    0.1999996E+01    0.1999996E+01    0.1999974E+01    0.1998408E+01    0.1998266E+01    0.1984474E+01    0.1981914E+01    0.1969863E+01    0.1965747E+01    0.1962878E+01    0.1925538E+01    0.1037863E+01    0.1112882E+00    0.3752030E-01    0.2627438E-01
      48.80253929    0.1999996E+01    0.1999996E+01    0.1999974E+01    0.1998408E+01    0.1998266E+01    0.1984474E+01    0.1981914E+01    0.1969863E+01    0.1965747E+01    0.1962878E+01    0.1925538E+01    0.1037863E+01    0.1112882E+00    0.3752030E-01    0.2627438E-01
      49.80253929    0.1999996E+01    0.1999996E+01    0.1999974E+01    0.1998408E+01    0.1998266E+01    0.1984474E+01    0.1981914E+01    0.1969863E+01    0.1965747E+01    0.1962878E+01    0.1925538E+01    0.1037863E+01    0.1112882E+00    0.3752030E-01    0.2627438E-01
      50.80253929    0.1999996E+01    0.1999996E+01    0.1999974E+01    0.1998408E+01    0.1998266E+01    0.1984474E+01    0.1981914E+01    0.1969863E+01    0.1965747E+01    0.1962878E+01    0.1925538E+01    0.1037863E+01    0.1112882E+00    0.3752030E-01    0.2627438E-01
      51.80253929    0.1999996E+01    0.1999996E+01    0.1999974E+01    0.1998408E+01    0.1998266E+01    0.1984474E+01    0.1981914E+01    0.1969863E+01    0.1965747E+01    0.1962878E+01    0.1925538E+01    0.1037863E+01    0.1112882E+00    0.3752030E-01    0.2627438E-01
      52.80253929    0.1999996E+01    0.1999996E+01    0.1999974E+01    0.1998408E+01    0.1998266E+01    0.1984474E+01    0.1981914E+01    0.1969863E+01    0.1965747E+01    0.1962878E+01    0.1925538E+01    0.1037863E+01    0.1112882E+00    0.3752030E-01    0.2627438E-01
      53.80253929    0.1999996E+01    0.1999996E+01    0.1999974E+01    0.1998408E+01    0.1998266E+01    0.1984474E+01    0.1981914E+01    0.1969863E+01    0.1965747E+01    0.1962878E+01    0.1925538E+01    0.1037863E+01    0.1112882E+00    0.3752030E-01    0.2627438E-01
      54.80253929    0.1999996E+01    0.1999996E+01    0.1999974E+01    0.1998408E+01    0.1998266E+01    0.1984474E+01    0.1981914E+01    0.1969863E+01    0.1965747E+01    0.1962878E+01    0.1925538E+01    0.1037863E+01    0.1112882E+00    0.3752030E-01    0.2627438E-01
      55.80253929    0.1999996E+01    0.1999996E+01    0.1999974E+01    0.1998408E+01    0.1998266E+01    0.1984474E+01    0.1981914E+01    0.1969863E+01    0.1965747E+01    0.1962878E+01    0.1925538E+01    0.1037863E+01    0.1112882E+00    0.3752030E-01    0.2627438E-01
      56.80253929    0.1999996E+01    0.1999996E+01    0.1999974E+01    0.1998408E+01    0.1998266E+01    0.1984474E+01    0.1981914E+01    0.1969863E+01    0.1965747E+01    0.1962878E+01    0.1925538E+01    0.1037863E+01    0.1112882E+00    0.3752030E-01    0.2627438E-01
      57.80253929    0.1999996E+01    0.1999996E+01    0.1999974E+01    0.1998408E+01    0.1998266E+01    0.1984474E+01    0.1981914E+01    0.1969863E+01    0.1965747E+01    0.1962878E+01    0.1925538E+01    0.1037863E+01    0.1112882E+00    0.3752030E-01    0.2627438E-01
      58.80253929    0.1999996E+01    0.1999996E+01    0.1999974E+01    0.1998408E+01    0.1998266E+01    0.1984474E+01    0.1981914E+01    0.1969863E+01    0.1965747E+01    0.1962878E+01    0.1925538E+01    0.1037863E+01    0.1112882E+00    0.3752030E-01    0.2627438E-01
      59.80253929    0.1999996E+01    0.1999996E+01    0.1999974E+01    0.1998408E+01    0.1998266E+01    0.1984474E+01    0.1981914E+01    0.1969863E+01    0.1965747E+01    0.1962878E+01    0.1925538E+01    0.1037863E+01    0.1112882E+00    0.3752030E-01    0.2627438E-01
      60.80253929    0.1999996E+01    0.1999996E+01    0.1999974E+01    0.1998408E+01    0.1998266E+01    0.1984474E+01    0.1981914E+01    0.1969863E+01    0.1965747E+01    0.1962878E+01    0.1925538E+01    0.1037863E+01    0.1112882E+00    0.3752030E-01    0.2627438E-01
      61.80253929    0.1999996E+01    0.1999996E+01    0.1999974E+01    0.1998408E+01    0.1998266E+01    0.1984474E+01    0.1981914E+01    0.1969863E+01    0.1965747E+01    0.1962878E+01    0.1925538E+01    0.1037863E+01    0.1112882E+00    0.3752030E-01    0.2627438E-01
      62.80253929    0.1999996E+01    0.1999996E+01    0.1999974E+01    0.1998408E+01    0.1998266E+01    0.1984474E+01    0.1981914E+01    0.1969863E+01    0.1965747E+01    0.1962878E+01    0.1925538E+01    0.1037863E+01    0.1112882E+00    0.3752030E-01    0.2627438E-01
      63.80253929    0.1999996E+01    0.1999996E+01    0.1999974E+01    0.1998408E+01    0.1998266E+01    0.1984474E+01    0.1981914E+01    0.1969863E+01    0.1965747E+01    0.1962878E+01    0.1925538E+01    0.1037863E+01    0.1112882E+00    0.3752030E-01    0.2627438E-01
      64.80253929    0.1999996E+01    0.1999996E+01    0.1999974E+01    0.1998408E+01    0.1998266E+01    0.1984474E+01    0.1981914E+01    0.1969863E+01    0.1965747E+01    0.1962878E+01    0.1925538E+01    0.1037863E+01    0.1112882E+00    0.3752030E-01    0.2627438E-01
      65.80253929    0.1999996E+01    0.1999996E+01    0.1999974E+01    0.1998408E+01    0.1998266E+01    0.1984474E+01    0.1981914E+01    0.1969863E+01    0.1965747E+01    0.1962878E+01    0.1925538E+01    0.1037863E+01    0.1112882E+00    0.3752030E-01    0.2627438E-01
      66.80253929    0.1999996E+01    0.1999996E+01    0.1999974E+01    0.1998408E+01    0.1998266E+01    0.1984474E+01    0.1981914E+01    0.1969863E+01    0.1965747E+01    0.1962878E+01    0.1925538E+01    0.1037863E+01    0.1112882E+00    0.3752030E-01    0.2627438E-01
      67.80253929    0.1999996E+01    0.1999996E+01    0.1999974E+01    0.1998408E+01    0.1998266E+01    0.1984474E+01    0.1981914E+01    0.1969863E+01    0.1965747E+01    0.1962878E+01    0.1925538E+01    0.1037863E+01    0.1112882E+00    0.3752030E-01    0.2627438E-01
      68.80253929    0.1999996E+01    0.1999996E+01    0.1999974E+01    0.1998408E+01    0.1998266E+01    0.1984474E+01    0.1981914E+01    0.1969863E+01    0.1965747E+01    0.1962878E+01    0.1925538E+01    0.1037863E+01    0.1112882E+00    0.3752030E-01    0.2627438E-01
      69.80253929    0.1999996E+01    0.1999996E+01    0.1999974E+01    0.1998408E+01    0.1998266E+01    0.1984474E+01    0.1981914E+01    0.1969863E+01    0.1965747E+01    0.1962878E+01    0.1925538E+01    0.1037863E+01    0.1112882E+00    0.3752030E-01    0.2627438E-01
      70.80253929    0.1999996E+01    0.1999996E+01    0.1999974E+01    0.1998408E+01    0.1998266E+01    0.1984474E+01    0.1981914E+01    0.1969863E+01    0.1965747E+01    0.1962878E+01    0.1925538E+01    0.1037863E+01    0.1112882E+00    0.3752030E-01    0.2627438E-01
      71.80253929    0.1999996E+01    0.1999996E+01    0.1999974E+01    0.1998408E+01    0.1998266E+01    0.1984474E+01    0.1981914E+01    0.1969863E+01    0.1965747E+01    0.1962878E+01    0.1925538E+01    0.1037863E+01    0.1112882E+00    0.3752030E-01    0.2627438E-01
      72.80253929    0.1999996E+01    0.1999996E+01    0.1999974E+01    0.1998408E+01    0.1998266E+01    0.1984474E+01    0.1981914E+01    0.1969863E+01    0.1965747E+01    0.1962878E+01    0.1925538E+01    0.1037863E+01    0.1112882E+00    0.3752030E-01    0.2627438E-01
      73.80253929    0.1999996E+01    0.1999996E+01    0.1999974E+01    0.1998408E+01    0.1998266E+01    0.1984474E+01    0.1981914E+01    0.1969863E+01    0.1965747E+01    0.1962878E+01    0.1925538E+01    0.1037863E+01    0.1112882E+00    0.3752030E-01    0.2627438E-01
      74.80253929    0.1999996E+01    0.1999996E+01    0.1999974E+01    0.1998408E+01    0.1998266E+01    0.1984474E+01    0.1981914E+01    0.1969863E+01    0.1965747E+01    0.1962878E+01    0.1925538E+01    0.1037863E+01    0.1112882E+00    0.3752030E-01    0.2627438E-01
      75.80253929    0.1999996E+01    0.1999996E+01    0.1999974E+01    0.1998408E+01    0.1998266E+01    0.1984474E+01    0.1981914E+01    0.1969863E+01    0.1965747E+01    0.1962878E+01    0.1925538E+01    0.1037863E+01    0.1112882E+00    0.3752030E-01    0.2627438E-01
      76.80253929    0.1999996E+01    0.1999996E+01    0.1999974E+01    0.1998408E+01    0.1998266E+01    0.1984474E+01    0.1981914E+01    0.1969863E+01    0.1965747E+01    0.1962878E+01    0.1925538E+01    0.1037863E+01    0.1112882E+00    0.3752030E-01    0.2627438E-01
      77.80253929    0.1999996E+01    0.1999996E+01    0.1999974E+01    0.1998408E+01    0.1998266E+01    0.1984474E+01    0.1981914E+01    0.1969863E+01    0.1965747E+01    0.1962878E+01    0.1925538E+01    0.1037863E+01    0.1112882E+00    0.3752030E-01    0.2627438E-01
      78.80253929    0.1999996E+01    0.1999996E+01    0.1999974E+01    0.1998408E+01    0.1998266E+01    0.1984474E+01    0.1981914E+01    0.1969863E+01    0.1965747E+01    0.1962878E+01    0.1925538E+01    0.1037863E+01    0.1112882E+00    0.3752030E-01    0.2627438E-01
      79.80253929    0.1999996E+01    0.1999996E+01    0.1999974E+01    0.1998408E+01    0.1998266E+01    0.1984474E+01    0.1981914E+01    0.1969863E+01    0.1965747E+01    0.1962878E+01    0.1925538E+01    0.1037863E+01    0.1112882E+00    0.3752030E-01    0.2627438E-01
      80.80253929    0.1999996E+01    0.1999996E+01    0.1999974E+01    0.1998408E+01    0.1998266E+01    0.1984474E+01    0.1981914E+01    0.1969863E+01    0.1965747E+01    0.1962878E+01    0.1925538E+01    0.1037863E+01    0.1112882E+00    0.3752030E-01    0.2627438E-01
      81.80253929    0.1999996E+01    0.1999996E+01    0.1999974E+01    0.1998408E+01    0.1998266E+01    0.1984474E+01    0.1981914E+01    0.1969863E+01    0.1965747E+01    0.1962878E+01    0.1925538E+01    0.1037863E+01    0.1112882E+00    0.3752030E-01    0.2627438E-01
      82.80253929    0.1999996E+01    0.1999996E+01    0.1999974E+01    0.1998408E+01    0.1998266E+01    0.1984474E+01    0.1981914E+01    0.1969863E+01    0.1965747E+01    0.1962878E+01    0.1925538E+01    0.1037863E+01    0.1112882E+00    0.3752030E-01    0.2627438E-01
      83.80253929    0.1999996E+01    0.1999996E+01    0.1999974E+01    0.1998408E+01    0.1998266E+01    0.1984474E+01    0.1981914E+01    0.1969863E+01    0.1965747E+01    0.1962878E+01    0.1925538E+01    0.1037863E+01    0.1112882E+00    0.3752030E-01    0.2627438E-01
      84.80253929    0.1999996E+01    0.1999996E+01    0.1999974E+01    0.1998408E+01    0.1998266E+01    0.1984474E+01    0.1981914E+01    0.1969863E+01    0.1965747E+01    0.1962878E+01    0.1925538E+01    0.1037863E+01    0.1112882E+00    0.3752030E-01    0.2627438E-01
      85.80253929    0.1999996E+01    0.1999996E+01    0.1999974E+01    0.1998408E+01    0.1998266E+01    0.1984474E+01    0.1981914E+01    0.1969863E+01    0.1965747E+01    0.1962878E+01    0.1925538E+01    0.1037863E+01    0.1112882E+00    0.3752030E-01    0.2627438E-01
      86.80253929    0.1999996E+01    0.1999996E+01    0.1999974E+01    0.1998408E+01    0.1998266E+01    0.1984474E+01    0.1981914E+01    0.1969863E+01    0.1965747E+01    0.1962878E+01    0.1925538E+01    0.1037863E+01    0.1112882E+00    0.3752030E-01    0.2627438E-01
      87.80253929    0.1999996E+01    0.1999996E+01    0.1999974E+01    0.1998408E+01    0.1998266E+01    0.1984474E+01    0.1981914E+01    0.1969863E+01    0.1965747E+01    0.1962878E+01    0.1925538E+01    0.1037863E+01    0.1112882E+00    0.3752030E-01    0.2627438E-01
      88.80253929    0.1999996E+01    0.1999996E+01    0.1999974E+01    0.1998408E+01    0.1998266E+01    0.1984474E+01    0.1981914E+01    0.1969863E+01    0.1965747E+01    0.1962878E+01    0.1925538E+01    0.1037863E+01    0.1112882E+00    0.3752030E-01    0.2627438E-01
      89.80253929    0.1999996E+01    0.1999996E+01    0.1999974E+01    0.1998408E+01    0.1998266E+01    0.1984474E+01    0.1981914E+01    0.1969863E+01    0.1965747E+01    0.1962878E+01    0.1925538E+01    0.1037863E+01    0.1112882E+00    0.3752030E-01    0.2627438E-01
      90.80253929    0.1999996E+01    0.1999996E+01    0.1999974E+01    0.1998408E+01    0.1998266E+01    0.1984474E+01    0.1981914E+01    0.1969863E+01    0.1965747E+01    0.1962878E+01    0.1925538E+01    0.1037863E+01    0.1112882E+00    0.3752030E-01    0.2627438E-01
      91.80253929    0.1999996E+01    0.1999996E+01    0.1999974E+01    0.1998408E+01    0.1998266E+01    0.1984474E+01    0.1981914E+01    0.1969863E+01    0.1965747E+01    0.1962878E+01    0.1925538E+01    0.1037863E+01    0.1112882E+00    0.3752030E-01    0.2627438E-01
      92.80253929    0.1999996E+01    0.1999996E+01    0.1999974E+01    0.1998408E+01    0.1998266E+01    0.1984474E+01    0.1981914E+01    0.1969863E+01    0.1965747E+01    0.1962878E+01    0.1925538E+01    0.1037863E+01    0.1112882E+00    0.3752030E-01    0.2627438E-01
      93.80253929    0.1999996E+01    0.1999996E+01    0.1999974E+01    0.1998408E+01    0.1998266E+01    0.1984474E+01    0.1981914E+01    0.1969863E+01    0.1965747E+01    0.1962878E+01    0.1925538E+01    0.1037863E+01    0.1112882E+00    0.3752030E-01    0.2627438E-01
      94.80253929    0.1999996E+01    0.1999996E+01    0.1999974E+01    0.1998408E+01    0.1998266E+01    0.1984474E+01    0.1981914E+01    0.1969863E+01    0.1965747E+01    0.1962878E+01    0.1925538E+01    0.1037863E+01    0.1112882E+00    0.3752030E-01    0.2627438E-01
      95.80253929    0.1999996E+01    0.1999996E+01    0.1999974E+01    0.1998408E+01    0.1998266E+01    0.1984474E+01    0.1981914E+01    0.1969863E+01    0.1965747E+01    0.1962878E+01    0.1925538E+01    0.1037863E+01    0.1112882E+00    0.3752030E-01    0.2627438E-01
      96.80253929    0.1999996E+01    0.1999996E+01    0.1999974E+01    0.1998408E+01    0.1998266E+01    0.1984474E+01    0.1981914E+01    0.1969863E+01    0.1965747E+01    0.1962878E+01    0.1925538E+01    0.1037863E+01    0.1112882E+00    0.3752030E-01    0.2627438E-01
      97.80253929    0.1999996E+01    0.1999996E+01    0.1999974E+01    0.1998408E+01    0.1998266E+01    0.1984474E+01    0.1981914E+01    0.1969863E+01    0.1965747E+01    0.1962878E+01    0.1925538E+01    0.1037863E+01    0.1112882E+00    0.3752030E-01    0.2627438E-01
      98.80253929    0.1999996E+01    0.1999996E+01    0.1999974E+01    0.1998408E+01    0.1998266E+01    0.1984474E+01    0.1981914E+01    0.1969863E+01    0.1965747E+01    0.1962878E+01    0.1925538E+01    0.1037863E+01    0.1112882E+00    0.3752030E-01    0.2627438E-01
      99.80253929    0.1999996E+01    0.1999996E+01    0.1999974E+01    0.1998408E+01    0.1998266E+01    0.1984474E+01    0.1981914E+01    0.1969863E+01    0.1965747E+01    0.1962878E+01    0.1925538E+01    0.1037863E+01    0.1112882E+00    0.3752030E-01    0.2627438E-01
     100.80253929    0.1999996E+01    0.1999996E+01    0.1999974E+01    0.1998408E+01    0.1998266E+01    0.1984474E+01    0.1981914E+01    0.1969863E+01    0.1965747E+01    0.1962878E+01    0.1925538E+01    0.1037863E+01    0.1112882E+00    0.3752030E-01    0.2627438E-01
     101.80253929    0.1999996E+01    0.1999996E+01    0.1999974E+01    0.1998408E+01    0.1998266E+01    0.1984474E+01    0.1981914E+01    0.1969863E+01    0.1965747E+01    0.1962878E+01    0.1925538E+01    0.1037863E+01    0.1112882E+00    0.3752030E-01    0.2627438E-01
     102.80253929    0.1999996E+01    0.1999996E+01    0.1999974E+01    0.1998408E+01    0.1998266E+01    0.1984474E+01    0.1981914E+01    0.1969863E+01    0.1965747E+01    0.1962878E+01    0.1925538E+01    0.1037863E+01    0.1112882E+00    0.3752030E-01    0.2627438E-01
     103.80253929    0.1999996E+01    0.1999996E+01    0.1999974E+01    0.1998408E+01    0.1998266E+01    0.1984474E+01    0.1981914E+01    0.1969863E+01    0.1965747E+01    0.1962878E+01    0.1925538E+01    0.1037863E+01    0.1112882E+00    0.3752030E-01    0.2627438E-01
     104.80253929    0.1999996E+01    0.1999996E+01    0.1999974E+01    0.1998408E+01    0.1998266E+01    0.1984474E+01    0.1981914E+01    0.1969863E+01    0.1965747E+01    0.1962878E+01    0.1925538E+01    0.1037863E+01    0.1112882E+00    0.3752030E-01    0.2627438E-01
     105.80253929    0.1999996E+01    0.1999996E+01    0.1999974E+01    0.1998408E+01    0.1998266E+01    0.1984474E+01    0.1981914E+01    0.1969863E+01    0.1965747E+01    0.1962878E+01    0.1925538E+01    0.1037863E+01    0.1112882E+00    0.3752030E-01    0.2627438E-01
     106.80253929    0.1999996E+01    0.1999996E+01    0.1999974E+01    0.1998408E+01    0.1998266E+01    0.1984474E+01    0.1981914E+01    0.1969863E+01    0.1965747E+01    0.1962878E+01    0.1925538E+01    0.1037863E+01    0.1112882E+00    0.3752030E-01    0.2627438E-01
     107.80253929    0.1999996E+01    0.1999996E+01    0.1999974E+01    0.1998408E+01    0.1998266E+01    0.1984474E+01    0.1981914E+01    0.1969863E+01    0.1965747E+01    0.1962878E+01    0.1925538E+01    0.1037863E+01    0.1112882E+00    0.3752030E-01    0.2627438E-01
     108.80253929    0.1999996E+01    0.1999996E+01    0.1999974E+01    0.1998408E+01    0.1998266E+01    0.1984474E+01    0.1981914E+01    0.1969863E+01    0.1965747E+01    0.1962878E+01    0.1925538E+01    0.1037863E+01    0.1112882E+00    0.3752030E-01    0.2627438E-01
     109.80253929    0.1999996E+01    0.1999996E+01    0.1999974E+01    0.1998408E+01    0.1998266E+01    0.1984474E+01    0.1981914E+01    0.1969863E+01    0.1965747E+01    0.1962878E+01    0.1925538E+01    0.1037863E+01    0.1112882E+00    0.3752030E-01    0.2627438E-01
     110.80253929    0.1999996E+01    0.1999996E+01    0.1999974E+01    0.1998408E+01    0.1998266E+01    0.1984474E+01    0.1981914E+01    0.1969863E+01    0.1965747E+01    0.1962878E+01    0.1925538E+01    0.1037863E+01    0.1112882E+00    0.3752030E-01    0.2627438E-01
     111.80253929    0.1999996E+01    0.1999996E+01    0.1999974E+01    0.1998408E+01    0.1998266E+01    0.1984474E+01    0.1981914E+01    0.1969863E+01    0.1965747E+01    0.1962878E+01    0.1925538E+01    0.1037863E+01    0.1112882E+00    0.3752030E-01    0.2627438E-01
     112.80253929    0.1999996E+01    0.1999996E+01    0.1999974E+01    0.1998408E+01    0.1998266E+01    0.1984474E+01    0.1981914E+01    0.1969863E+01    0.1965747E+01    0.1962878E+01    0.1925538E+01    0.1037863E+01    0.1112882E+00    0.3752030E-01    0.2627438E-01
     113.80253929    0.1999996E+01    0.1999996E+01    0.1999974E+01    0.1998408E+01    0.1998266E+01    0.1984474E+01    0.1981914E+01    0.1969863E+01    0.1965747E+01    0.1962878E+01    0.1925538E+01    0.1037863E+01    0.1112882E+00    0.3752030E-01    0.2627438E-01
     114.80253929    0.1999996E+01    0.1999996E+01    0.1999974E+01    0.1998408E+01    0.1998266E+01    0.1984474E+01    0.1981914E+01    0.1969863E+01    0.1965747E+01    0.1962878E+01    0.1925538E+01    0.1037863E+01    0.1112882E+00    0.3752030E-01    0.2627438E-01
     115.80253929    0.1999996E+01    0.1999996E+01    0.1999974E+01    0.1998408E+01    0.1998266E+01    0.1984474E+01    0.1981914E+01    0.1969863E+01    0.1965747E+01    0.1962878E+01    0.1925538E+01    0.1037863E+01    0.1112882E+00    0.3752030E-01    0.2627438E-01
     116.80253929    0.1999996E+01    0.1999996E+01    0.1999974E+01    0.1998408E+01    0.1998266E+01    0.1984474E+01    0.1981914E+01    0.1969863E+01    0.1965747E+01    0.1962878E+01    0.1925538E+01    0.1037863E+01    0.1112882E+00    0.3752030E-01    0.2627438E-01
     117.80253929    0.1999996E+01    0.1999996E+01    0.1999974E+01    0.1998408E+01    0.1998266E+01    0.1984474E+01    0.1981914E+01    0.1969863E+01    0.1965747E+01    0.1962878E+01    0.1925538E+01    0.1037863E+01    0.1112882E+00    0.3752030E-01    0.2627438E-01
     118.80253929    0.1999996E+01    0.1999996E+01    0.1999974E+01    0.1998408E+01    0.1998266E+01    0.1984474E+01    0.1981914E+01    0.1969863E+01    0.1965747E+01    0.1962878E+01    0.1925538E+01    0.1037863E+01    0.1112882E+00    0.3752030E-01    0.2627438E-01
     119.80253929    0.1999996E+01    0.1999996E+01    0.1999974E+01    0.1998408E+01    0.1998266E+01    0.1984474E+01    0.1981914E+01    0.1969863E+01    0.1965747E+01    0.1962878E+01    0.1925538E+01    0.1037863E+01    0.1112882E+00    0.3752030E-01    0.2627438E-01
     120.80253929    0.1999996E+01    0.1999996E+01    0.1999974E+01    0.1998408E+01    0.1998266E+01    0.1984474E+01    0.1981914E+01    0.1969863E+01    0.1965747E+01    0.1962878E+01    0.1925538E+01    0.1037863E+01    0.1112882E+00    0.3752030E-01    0.2627438E-01
     121.80253929    0.1999996E+01    0.1999996E+01    0.1999974E+01    0.1998408E+01    0.1998266E+01    0.1984474E+01    0.1981914E+01    0.1969863E+01    0.1965747E+01    0.1962878E+01    0.1925538E+01    0.1037863E+01    0.1112882E+00    0.3752030E-01    0.2627438E-01
     122.80253929    0.1999996E+01    0.1999996E+01    0.1999974E+01    0.1998408E+01    0.1998266E+01    0.1984474E+01    0.1981914E+01    0.1969863E+01    0.1965747E+01    0.1962878E+01    0.1925538E+01    0.1037863E+01    0.1112882E+00    0.3752030E-01    0.2627438E-01
     123.80253929    0.1999996E+01    0.1999996E+01    0.1999974E+01    0.1998408E+01    0.1998266E+01    0.1984474E+01    0.1981914E+01    0.1969863E+01    0.1965747E+01    0.1962878E+01    0.1925538E+01    0.1037863E+01    0.1112882E+00    0.3752030E-01    0.2627438E-01
     124.80253929    0.1999996E+01    0.1999996E+01    0.1999974E+01    0.1998408E+01    0.1998266E+01    0.1984474E+01    0.1981914E+01    0.1969863E+01    0.1965747E+01    0.1962878E+01    0.1925538E+01    0.1037863E+01    0.1112882E+00    0.3752030E-01    0.2627438E-01
     125.80253929    0.1999996E+01    0.1999996E+01    0.1999974E+01    0.1998408E+01    0.1998266E+01    0.1984474E+01    0.1981914E+01    0.1969863E+01    0.1965747E+01    0.1962878E+01    0.1925538E+01    0.1037863E+01    0.1112882E+00    0.3752030E-01    0.2627438E-01
     126.80253929    0.1999996E+01    0.1999996E+01    0.1999974E+01    0.1998408E+01    0.1998266E+01    0.1984474E+01    0.1981914E+01    0.1969863E+01    0.1965747E+01    0.1962878E+01    0.1925538E+01    0.1037863E+01    0.1112882E+00    0.3752030E-01    0.2627438E-01
     127.80253929    0.1999996E+01    0.1999996E+01    0.1999974E+01    0.1998408E+01    0.1998266E+01    0.1984474E+01    0.1981914E+01    0.1969863E+01    0.1965747E+01    0.1962878E+01    0.1925538E+01    0.1037863E+01    0.1112882E+00    0.3752030E-01    0.2627438E-01
