 #KVL flux sum: itime, time, flux sum
 
    0    0.000000000000    0.000000000378   -0.000000000000
    1    0.500000000000    0.000000000978    0.000000000000
    2    1.000000000000    0.000000001916   -0.000000000000
    3    1.500000000000    0.000000003364   -0.000000000000
    4    2.000000000000    0.000000005574   -0.000000000000
    5    2.500000000000    0.000000008905   -0.000000000000
    6    3.000000000000    0.000000013858   -0.000000000000
    7    3.500000000000    0.000000021123   -0.000000000000
    8    4.000000000000    0.000000031612   -0.000000000000
    9    4.500000000000    0.000000046545   -0.000000000000
   10    5.000000000000    0.000000067557   -0.000000000000
   11    5.500000000000    0.000000096843   -0.000000000000
   12    6.000000000000    0.000000137267   -0.000000000000
   13    6.500000000000    0.000000192404   -0.000000000000
   14    7.000000000000    0.000000266295   -0.000000000000
   15    7.500000000000    0.000000363679   -0.000000000000
   16    8.000000000000    0.000000489797   -0.000000000000
   17    8.500000000000    0.000000651191   -0.000000000000
   18    9.000000000000    0.000000856540    0.000000000000
   19    9.500000000000    0.000001115438    0.000000000000
   20   10.000000000000    0.000001436692    0.000000000000
   21   10.500000000000    0.000001828043   -0.000000000000
   22   11.000000000000    0.000002297215    0.000000000000
   23   11.500000000000    0.000002852795   -0.000000000000
   24   12.000000000000    0.000003503987    0.000000000000
   25   12.500000000000    0.000004258457    0.000000000000
   26   13.000000000000    0.000005119162    0.000000000000
   27   13.500000000000    0.000006081975    0.000000000000
   28   14.000000000000    0.000007136105   -0.000000000000
   29   14.500000000000    0.000008266875   -0.000000000000
   30   15.000000000000    0.000009458818   -0.000000000000
   31   15.500000000000    0.000010696578   -0.000000000000
   32   16.000000000000    0.000011963707   -0.000000000000
   33   16.500000000000    0.000013241751   -0.000000000000
   34   17.000000000000    0.000014511550   -0.000000000000
   35   17.500000000000    0.000015756164   -0.000000000000
   36   18.000000000000    0.000016962724   -0.000000000000
   37   18.500000000000    0.000018121577   -0.000000000000
   38   19.000000000000    0.000019223677   -0.000000000000
   39   19.500000000000    0.000020259358   -0.000000000000
   40   20.000000000000    0.000021219667   -0.000000000000
   41   20.500000000000    0.000022098653   -0.000000000000
   42   21.000000000000    0.000022894014   -0.000000000000
   43   21.500000000000    0.000023605524   -0.000000000000
   44   22.000000000000    0.000024233275   -0.000000000000
   45   22.500000000000    0.000024777668   -0.000000000000
   46   23.000000000000    0.000025240852   -0.000000000000
   47   23.500000000000    0.000025627584   -0.000000000000
   48   24.000000000000    0.000025944519   -0.000000000000
   49   24.500000000000    0.000026198978   -0.000000000000
   50   25.000000000000    0.000026398735   -0.000000000000
   51   25.500000000000    0.000026552784   -0.000000000000
   52   26.000000000000    0.000026671637   -0.000000000000
   53   26.500000000000    0.000026766525   -0.000000000000
   54   27.000000000000    0.000026848365   -0.000000000000
   55   27.500000000000    0.000026927663   -0.000000000000
   56   28.000000000000    0.000027015092   -0.000000000000
   57   28.500000000000    0.000027121438   -0.000000000000
   58   29.000000000000    0.000027256504   -0.000000000000
   59   29.500000000000    0.000027428071   -0.000000000000
   60   30.000000000000    0.000027642023   -0.000000000000
   61   30.500000000000    0.000027903194   -0.000000000000
   62   31.000000000000    0.000028215505   -0.000000000000
   63   31.500000000000    0.000028580966   -0.000000000000
   64   32.000000000000    0.000028998773   -0.000000000000
   65   32.500000000000    0.000029465658   -0.000000000000
   66   33.000000000000    0.000029977064   -0.000000000000
   67   33.500000000000    0.000030527583   -0.000000000000
   68   34.000000000000    0.000031110244   -0.000000000000
   69   34.500000000000    0.000031715917   -0.000000000000
   70   35.000000000000    0.000032334029   -0.000000000000
   71   35.500000000000    0.000032954138   -0.000000000000
   72   36.000000000000    0.000033566763   -0.000000000000
   73   36.500000000000    0.000034162836   -0.000000000000
   74   37.000000000000    0.000034732961   -0.000000000000
   75   37.500000000000    0.000035267863   -0.000000000000
   76   38.000000000000    0.000035759789   -0.000000000000
   77   38.500000000000    0.000036203497   -0.000000000000
   78   39.000000000000    0.000036596064   -0.000000000000
   79   39.500000000000    0.000036936136   -0.000000000000
   80   40.000000000000    0.000037223701   -0.000000000000
   81   40.500000000000    0.000037460496   -0.000000000000
   82   41.000000000000    0.000037650316   -0.000000000000
   83   41.500000000000    0.000037798745   -0.000000000000
   84   42.000000000000    0.000037912616   -0.000000000000
   85   42.500000000000    0.000037999642   -0.000000000000
   86   43.000000000000    0.000038068168   -0.000000000000
   87   43.500000000000    0.000038126767   -0.000000000000
   88   44.000000000000    0.000038183739   -0.000000000000
   89   44.500000000000    0.000038246828   -0.000000000000
   90   45.000000000000    0.000038323137   -0.000000000000
   91   45.500000000000    0.000038418833   -0.000000000000
   92   46.000000000000    0.000038538532   -0.000000000000
   93   46.500000000000    0.000038684841   -0.000000000000
   94   47.000000000000    0.000038858522   -0.000000000000
   95   47.500000000000    0.000039059059   -0.000000000000
   96   48.000000000000    0.000039284908   -0.000000000000
   97   48.500000000000    0.000039533175   -0.000000000000
   98   49.000000000000    0.000039799318   -0.000000000000
   99   49.500000000000    0.000040077489   -0.000000000000
  100   50.000000000000    0.000040361388   -0.000000000000
  101   50.500000000000    0.000040644893   -0.000000000000
  102   51.000000000000    0.000040922150   -0.000000000000
  103   51.500000000000    0.000041187513   -0.000000000000
  104   52.000000000000    0.000041435813   -0.000000000000
  105   52.500000000000    0.000041662915   -0.000000000000
  106   53.000000000000    0.000041866062   -0.000000000000
  107   53.500000000000    0.000042043823   -0.000000000000
  108   54.000000000000    0.000042195910   -0.000000000000
  109   54.500000000000    0.000042323180   -0.000000000000
  110   55.000000000000    0.000042427709   -0.000000000000
  111   55.500000000000    0.000042512710   -0.000000000000
  112   56.000000000000    0.000042582254   -0.000000000000
  113   56.500000000000    0.000042640975   -0.000000000000
  114   57.000000000000    0.000042693834   -0.000000000000
  115   57.500000000000    0.000042745827   -0.000000000000
  116   58.000000000000    0.000042801606   -0.000000000000
  117   58.500000000000    0.000042865173   -0.000000000000
  118   59.000000000000    0.000042939793   -0.000000000000
  119   59.500000000000    0.000043027983   -0.000000000000
  120   60.000000000000    0.000043131356   -0.000000000000
  121   60.500000000000    0.000043250380   -0.000000000000
  122   61.000000000000    0.000043384318   -0.000000000000
  123   61.500000000000    0.000043531467   -0.000000000000
  124   62.000000000000    0.000043689463   -0.000000000000
  125   62.500000000000    0.000043855382   -0.000000000000
  126   63.000000000000    0.000044025709   -0.000000000000
  127   63.500000000000    0.000044196502   -0.000000000000
  128   64.000000000000    0.000044363814   -0.000000000000
  129   64.500000000000    0.000044524143   -0.000000000000
  130   65.000000000000    0.000044674603   -0.000000000000
  131   65.500000000000    0.000044812862   -0.000000000000
  132   66.000000000000    0.000044937151   -0.000000000000
  133   66.500000000000    0.000045046437   -0.000000000000
  134   67.000000000000    0.000045140609   -0.000000000000
  135   67.500000000000    0.000045220492   -0.000000000000
  136   68.000000000000    0.000045287705   -0.000000000000
  137   68.500000000000    0.000045344480   -0.000000000000
  138   69.000000000000    0.000045393513   -0.000000000000
  139   69.500000000000    0.000045437783   -0.000000000000
  140   70.000000000000    0.000045480362   -0.000000000000
  141   70.500000000000    0.000045524241   -0.000000000000
  142   71.000000000000    0.000045572198   -0.000000000000
  143   71.500000000000    0.000045626621   -0.000000000000
  144   72.000000000000    0.000045689290   -0.000000000000
  145   72.500000000000    0.000045761235   -0.000000000000
  146   73.000000000000    0.000045842770   -0.000000000000
  147   73.500000000000    0.000045933624   -0.000000000000
  148   74.000000000000    0.000046032994   -0.000000000000
  149   74.500000000000    0.000046139477   -0.000000000000
  150   75.000000000000    0.000046251053   -0.000000000000
  151   75.500000000000    0.000046365279   -0.000000000000
  152   76.000000000000    0.000046479599   -0.000000000000
  153   76.500000000000    0.000046591593   -0.000000000000
  154   77.000000000000    0.000046699044   -0.000000000000
  155   77.500000000000    0.000046799960   -0.000000000000
  156   78.000000000000    0.000046892687   -0.000000000000
  157   78.500000000000    0.000046976085   -0.000000000000
  158   79.000000000000    0.000047049644   -0.000000000000
  159   79.500000000000    0.000047113475   -0.000000000000
  160   80.000000000000    0.000047168244   -0.000000000000
  161   80.500000000000    0.000047215103   -0.000000000000
  162   81.000000000000    0.000047255612   -0.000000000000
  163   81.500000000000    0.000047291634   -0.000000000000
  164   82.000000000000    0.000047325210   -0.000000000000
  165   82.500000000000    0.000047358448   -0.000000000000
  166   83.000000000000    0.000047393396   -0.000000000000
  167   83.500000000000    0.000047431871   -0.000000000000
  168   84.000000000000    0.000047475303   -0.000000000000
  169   84.500000000000    0.000047524652   -0.000000000000
  170   85.000000000000    0.000047580432   -0.000000000000
  171   85.500000000000    0.000047642739   -0.000000000000
  172   86.000000000000    0.000047711223   -0.000000000000
  173   86.500000000000    0.000047785047   -0.000000000000
  174   87.000000000000    0.000047862944   -0.000000000000
  175   87.500000000000    0.000047943364   -0.000000000000
  176   88.000000000000    0.000048024633   -0.000000000000
  177   88.500000000000    0.000048105044   -0.000000000000
  178   89.000000000000    0.000048182914   -0.000000000000
  179   89.500000000000    0.000048256689   -0.000000000000
  180   90.000000000000    0.000048325089   -0.000000000000
  181   90.500000000000    0.000048387229   -0.000000000000
  182   91.000000000000    0.000048442648   -0.000000000000
  183   91.500000000000    0.000048491288   -0.000000000000
  184   92.000000000000    0.000048533473   -0.000000000000
  185   92.500000000000    0.000048569887   -0.000000000000
  186   93.000000000000    0.000048601543   -0.000000000000
  187   93.500000000000    0.000048629705   -0.000000000000
  188   94.000000000000    0.000048655803   -0.000000000000
  189   94.500000000000    0.000048681343   -0.000000000000
  190   95.000000000000    0.000048707797   -0.000000000000
  191   95.500000000000    0.000048736487   -0.000000000000
  192   96.000000000000    0.000048768492   -0.000000000000
  193   96.500000000000    0.000048804599   -0.000000000000
  194   97.000000000000    0.000048845282   -0.000000000000
  195   97.500000000000    0.000048890670   -0.000000000000
  196   98.000000000000    0.000048940516   -0.000000000000
  197   98.500000000000    0.000048994221   -0.000000000000
  198   99.000000000000    0.000049050913   -0.000000000000
  199   99.500000000000    0.000049109546   -0.000000000000
  200  100.000000000000    0.000049168957   -0.000000000000
  201  100.500000000000    0.000049227898   -0.000000000000
  202  101.000000000000    0.000049285106   -0.000000000000
  203  101.500000000000    0.000049339418   -0.000000000000
  204  102.000000000000    0.000049389898   -0.000000000000
  205  102.500000000000    0.000049435895   -0.000000000000
  206  103.000000000000    0.000049477060   -0.000000000000
  207  103.500000000000    0.000049513327   -0.000000000000
  208  104.000000000000    0.000049544912   -0.000000000000
  209  104.500000000000    0.000049572306   -0.000000000000
  210  105.000000000000    0.000049596239   -0.000000000000
  211  105.500000000000    0.000049617631   -0.000000000000
  212  106.000000000000    0.000049637528   -0.000000000000
  213  106.500000000000    0.000049657021   -0.000000000000
  214  107.000000000000    0.000049677171   -0.000000000000
  215  107.500000000000    0.000049698932   -0.000000000000
  216  108.000000000000    0.000049723102   -0.000000000000
  217  108.500000000000    0.000049750289   -0.000000000000
  218  109.000000000000    0.000049780861   -0.000000000000
  219  109.500000000000    0.000049814902   -0.000000000000
  220  110.000000000000    0.000049852197   -0.000000000000
  221  110.500000000000    0.000049892277   -0.000000000000
  222  111.000000000000    0.000049934491   -0.000000000000
  223  111.500000000000    0.000049978075   -0.000000000000
  224  112.000000000000    0.000050022174   -0.000000000000
  225  112.500000000000    0.000050065872   -0.000000000000
  226  113.000000000000    0.000050108251   -0.000000000000
  227  113.500000000000    0.000050148477   -0.000000000000
  228  114.000000000000    0.000050185870   -0.000000000000
  229  114.500000000000    0.000050219947   -0.000000000000
  230  115.000000000000    0.000050250441   -0.000000000000
  231  115.500000000000    0.000050277310   -0.000000000000
  232  116.000000000000    0.000050300735   -0.000000000000
  233  116.500000000000    0.000050321109   -0.000000000000
  234  117.000000000000    0.000050339001   -0.000000000000
  235  117.500000000000    0.000050355119   -0.000000000000
  236  118.000000000000    0.000050370256   -0.000000000000
  237  118.500000000000    0.000050385224   -0.000000000000
  238  119.000000000000    0.000050400803   -0.000000000000
  239  119.500000000000    0.000050417685   -0.000000000000
  240  120.000000000000    0.000050436454   -0.000000000000
  241  120.500000000000    0.000050457551   -0.000000000000
  242  121.000000000000    0.000050481228   -0.000000000000
  243  121.500000000000    0.000050507518   -0.000000000000
  244  122.000000000000    0.000050536227   -0.000000000000
  245  122.500000000000    0.000050566976   -0.000000000000
  246  123.000000000000    0.000050599252   -0.000000000000
  247  123.500000000000    0.000050632446   -0.000000000000
  248  124.000000000000    0.000050665889   -0.000000000000
  249  124.500000000000    0.000050698890   -0.000000000000
  250  125.000000000000    0.000050730786   -0.000000000000
  251  125.500000000000    0.000050760983   -0.000000000000
  252  126.000000000000    0.000050788996   -0.000000000000
  253  126.500000000000    0.000050814475   -0.000000000000
  254  127.000000000000    0.000050837233   -0.000000000000
  255  127.500000000000    0.000050857263   -0.000000000000
  256  128.000000000000    0.000050874733   -0.000000000000
  257  128.500000000000    0.000050889970   -0.000000000000
  258  129.000000000000    0.000050903429   -0.000000000000
  259  129.500000000000    0.000050915664   -0.000000000000
  260  130.000000000000    0.000050927281   -0.000000000000
  261  130.500000000000    0.000050938894   -0.000000000000
  262  131.000000000000    0.000050951080   -0.000000000000
  263  131.500000000000    0.000050964344   -0.000000000000
  264  132.000000000000    0.000050979099   -0.000000000000
  265  132.500000000000    0.000050995638   -0.000000000000
  266  133.000000000000    0.000051014111   -0.000000000000
  267  133.500000000000    0.000051034512   -0.000000000000
  268  134.000000000000    0.000051056686   -0.000000000000
  269  134.500000000000    0.000051080346   -0.000000000000
  270  135.000000000000    0.000051105095   -0.000000000000
  271  135.500000000000    0.000051130451   -0.000000000000
  272  136.000000000000    0.000051155889   -0.000000000000
  273  136.500000000000    0.000051180881   -0.000000000000
  274  137.000000000000    0.000051204936   -0.000000000000
  275  137.500000000000    0.000051227629   -0.000000000000
  276  138.000000000000    0.000051248613   -0.000000000000
  277  138.500000000000    0.000051267646   -0.000000000000
  278  139.000000000000    0.000051284610   -0.000000000000
  279  139.500000000000    0.000051299523   -0.000000000000
  280  140.000000000000    0.000051312537   -0.000000000000
  281  140.500000000000    0.000051323922   -0.000000000000
  282  141.000000000000    0.000051334040   -0.000000000000
  283  141.500000000000    0.000051343321   -0.000000000000
  284  142.000000000000    0.000051352232   -0.000000000000
  285  142.500000000000    0.000051361241   -0.000000000000
  286  143.000000000000    0.000051370788   -0.000000000000
  287  143.500000000000    0.000051381254   -0.000000000000
  288  144.000000000000    0.000051392940   -0.000000000000
  289  144.500000000000    0.000051406040   -0.000000000000
  290  145.000000000000    0.000051420639   -0.000000000000
  291  145.500000000000    0.000051436716   -0.000000000000
  292  146.000000000000    0.000051454146   -0.000000000000
  293  146.500000000000    0.000051472711   -0.000000000000
  294  147.000000000000    0.000051492098   -0.000000000000
  295  147.500000000000    0.000051511926   -0.000000000000
  296  148.000000000000    0.000051531773   -0.000000000000
  297  148.500000000000    0.000051551225   -0.000000000000
  298  149.000000000000    0.000051569900   -0.000000000000
  299  149.500000000000    0.000051587470   -0.000000000000
  300  150.000000000000    0.000051603676   -0.000000000000
  301  150.500000000000    0.000051618341   -0.000000000000
  302  151.000000000000    0.000051631387   -0.000000000000
  303  151.500000000000    0.000051642840   -0.000000000000
  304  152.000000000000    0.000051652830   -0.000000000000
  305  152.500000000000    0.000051661576   -0.000000000000
  306  153.000000000000    0.000051669368   -0.000000000000
  307  153.500000000000    0.000051676544   -0.000000000000
  308  154.000000000000    0.000051683467   -0.000000000000
  309  154.500000000000    0.000051690504   -0.000000000000
  310  155.000000000000    0.000051697996   -0.000000000000
  311  155.500000000000    0.000051706241   -0.000000000000
  312  156.000000000000    0.000051715465   -0.000000000000
  313  156.500000000000    0.000051725811   -0.000000000000
  314  157.000000000000    0.000051737334   -0.000000000000
  315  157.500000000000    0.000051750004   -0.000000000000
  316  158.000000000000    0.000051763715   -0.000000000000
  317  158.500000000000    0.000051778286   -0.000000000000
  318  159.000000000000    0.000051793466   -0.000000000000
  319  159.500000000000    0.000051808953   -0.000000000000
  320  160.000000000000    0.000051824423   -0.000000000000
  321  160.500000000000    0.000051839555   -0.000000000000
  322  161.000000000000    0.000051854054   -0.000000000000
  323  161.500000000000    0.000051867671   -0.000000000000
  324  162.000000000000    0.000051880216   -0.000000000000
  325  162.500000000000    0.000051891565   -0.000000000000
  326  163.000000000000    0.000051901676   -0.000000000000
  327  163.500000000000    0.000051910579   -0.000000000000
  328  164.000000000000    0.000051918379   -0.000000000000
  329  164.500000000000    0.000051925246   -0.000000000000
  330  165.000000000000    0.000051931401   -0.000000000000
  331  165.500000000000    0.000051937098   -0.000000000000
  332  166.000000000000    0.000051942612   -0.000000000000
  333  166.500000000000    0.000051948215   -0.000000000000
  334  167.000000000000    0.000051954164   -0.000000000000
  335  167.500000000000    0.000051960683   -0.000000000000
  336  168.000000000000    0.000051967942   -0.000000000000
  337  168.500000000000    0.000051976050   -0.000000000000
  338  169.000000000000    0.000051985048   -0.000000000000
  339  169.500000000000    0.000051994906   -0.000000000000
  340  170.000000000000    0.000052005536   -0.000000000000
  341  170.500000000000    0.000052016790   -0.000000000000
  342  171.000000000000    0.000052028477   -0.000000000000
  343  171.500000000000    0.000052040376   -0.000000000000
  344  172.000000000000    0.000052052251   -0.000000000000
  345  172.500000000000    0.000052063865   -0.000000000000
  346  173.000000000000    0.000052074996   -0.000000000000
  347  173.500000000000    0.000052085456   -0.000000000000
  348  174.000000000000    0.000052095102   -0.000000000000
  349  174.500000000000    0.000052103849   -0.000000000000
  350  175.000000000000    0.000052111672   -0.000000000000
  351  175.500000000000    0.000052118600   -0.000000000000
  352  176.000000000000    0.000052124717   -0.000000000000
  353  176.500000000000    0.000052130154   -0.000000000000
  354  177.000000000000    0.000052135078   -0.000000000000
  355  177.500000000000    0.000052139683   -0.000000000000
  356  178.000000000000    0.000052144176   -0.000000000000
  357  178.500000000000    0.000052148761   -0.000000000000
  358  179.000000000000    0.000052153630   -0.000000000000
  359  179.500000000000    0.000052158948   -0.000000000000
  360  180.000000000000    0.000052164843   -0.000000000000
  361  180.500000000000    0.000052171392   -0.000000000000
  362  181.000000000000    0.000052178622   -0.000000000000
  363  181.500000000000    0.000052186503   -0.000000000000
  364  182.000000000000    0.000052194956   -0.000000000000
  365  182.500000000000    0.000052203859   -0.000000000000
  366  183.000000000000    0.000052213063   -0.000000000000
  367  183.500000000000    0.000052222398   -0.000000000000
  368  184.000000000000    0.000052231689   -0.000000000000
  369  184.500000000000    0.000052240759   -0.000000000000
  370  185.000000000000    0.000052249442   -0.000000000000
  371  185.500000000000    0.000052257597   -0.000000000000
  372  186.000000000000    0.000052265117   -0.000000000000
  373  186.500000000000    0.000052271935   -0.000000000000
  374  187.000000000000    0.000052278031   -0.000000000000
  375  187.500000000000    0.000052283426   -0.000000000000
  376  188.000000000000    0.000052288187   -0.000000000000
  377  188.500000000000    0.000052292415   -0.000000000000
  378  189.000000000000    0.000052296241   -0.000000000000
  379  189.500000000000    0.000052299817   -0.000000000000
  380  190.000000000000    0.000052303306   -0.000000000000
  381  190.500000000000    0.000052306867   -0.000000000000
  382  191.000000000000    0.000052310647   -0.000000000000
  383  191.500000000000    0.000052314771   -0.000000000000
  384  192.000000000000    0.000052319337   -0.000000000000
  385  192.500000000000    0.000052324407   -0.000000000000
  386  193.000000000000    0.000052330007   -0.000000000000
  387  193.500000000000    0.000052336123   -0.000000000000
  388  194.000000000000    0.000052342701   -0.000000000000
  389  194.500000000000    0.000052349653   -0.000000000000
  390  195.000000000000    0.000052356866   -0.000000000000
  391  195.500000000000    0.000052364209   -0.000000000000
  392  196.000000000000    0.000052371546   -0.000000000000
  393  196.500000000000    0.000052378741   -0.000000000000
  394  197.000000000000    0.000052385664   -0.000000000000
  395  197.500000000000    0.000052392204   -0.000000000000
  396  198.000000000000    0.000052398267   -0.000000000000
  397  198.500000000000    0.000052403791   -0.000000000000
  398  199.000000000000    0.000052408747   -0.000000000000
  399  199.500000000000    0.000052413138   -0.000000000000
  400  200.000000000000    0.000052417004   -0.000000000000
