 
 # Omega; pulse ft; flux at t= ... 
     #                                     500.00000                           375.00000                           250.00000                           125.00000
 
  0.0100      0.130962E-11      0.131006E+04      0.646779E-09      0.142809E+04      0.000000E+00
  0.0140      0.530375E-11      0.326135E+03      0.159705E-09      0.337581E+03      0.159705E-09
  0.0180      0.129031E-10      0.131861E+03      0.000000E+00      0.164807E+03      0.000000E+00
  0.0220      0.250041E-10      0.657682E+02      0.000000E+00      0.888391E+02      0.000000E+00
  0.0260      0.424378E-10      0.371932E+02      0.199594E-10      0.426111E+02      0.000000E+00
  0.0300      0.659469E-10      0.229092E+02      0.128442E-10      0.234028E+02      0.000000E+00
  0.0339      0.961693E-10      0.150992E+02      0.880772E-11      0.188590E+02      0.000000E+00
  0.0379      0.133624E-09      0.105318E+02      0.000000E+00      0.151168E+02      0.633895E-11
  0.0419      0.178696E-09      0.762838E+01      0.000000E+00      0.942881E+01      0.474007E-11
  0.0459      0.231631E-09      0.570051E+01      0.000000E+00      0.582335E+01      0.000000E+00
  0.0499      0.292520E-09      0.441570E+01      0.000000E+00      0.538561E+01      0.000000E+00
  0.0539      0.361294E-09      0.350715E+01      0.234444E-11      0.524433E+01      0.234444E-11
  0.0579      0.437719E-09      0.282959E+01      0.193511E-11      0.379776E+01      0.000000E+00
  0.0619      0.521391E-09      0.233254E+01      0.000000E+00      0.241736E+01      0.000000E+00
  0.0659      0.611733E-09      0.195627E+01      0.000000E+00      0.228984E+01      0.138464E-11
  0.0699      0.708000E-09      0.166348E+01      0.000000E+00      0.254267E+01      0.119637E-11
  0.0738      0.809275E-09      0.144975E+01      0.000000E+00      0.209326E+01      0.000000E+00
  0.0778      0.914481E-09      0.128277E+01      0.926244E-12      0.137569E+01      0.000000E+00
  0.0818      0.102238E-08      0.113334E+01      0.828488E-12      0.126567E+01      0.000000E+00
  0.0858      0.113161E-08      0.101707E+01      0.000000E+00      0.153726E+01      0.000000E+00
  0.0898      0.124064E-08      0.939532E+00      0.000000E+00      0.142845E+01      0.000000E+00
  0.0938      0.134785E-08      0.875336E+00      0.000000E+00      0.991682E+00      0.628432E-12
  0.0978      0.145153E-08      0.812858E+00      0.583546E-12      0.865873E+00      0.000000E+00
  0.1018      0.154987E-08      0.756085E+00      0.546519E-12      0.109614E+01      0.546519E-12
  0.1058      0.164103E-08      0.706511E+00      0.000000E+00      0.112273E+01      0.516159E-12
  0.1098      0.172315E-08      0.669021E+00      0.000000E+00      0.814527E+00      0.000000E+00
  0.1137      0.179436E-08      0.642664E+00      0.000000E+00      0.660437E+00      0.472053E-12
  0.1177      0.185286E-08      0.617958E+00      0.000000E+00      0.861588E+00      0.457148E-12
  0.1217      0.189692E-08      0.598800E+00      0.000000E+00      0.989299E+00      0.446530E-12
  0.1257      0.192494E-08      0.592328E+00      0.000000E+00      0.777418E+00      0.440032E-12
  0.1297      0.193547E-08      0.589960E+00      0.000000E+00      0.597785E+00      0.437637E-12
  0.1337      0.192730E-08      0.589665E+00      0.000000E+00      0.778824E+00      0.439491E-12
  0.1377      0.189949E-08      0.600551E+00      0.000000E+00      0.100290E+01      0.000000E+00
  0.1417      0.185139E-08      0.618755E+00      0.000000E+00      0.875337E+00      0.457511E-12
  0.1457      0.178276E-08      0.641379E+00      0.000000E+00      0.660095E+00      0.475123E-12
  0.1497      0.169379E-08      0.679833E+00      0.500080E-12      0.836168E+00      0.000000E+00
  0.1536      0.158517E-08      0.733890E+00      0.534347E-12      0.121202E+01      0.000000E+00
  0.1576      0.145817E-08      0.799484E+00      0.000000E+00      0.121318E+01      0.580890E-12
  0.1616      0.131468E-08      0.894145E+00      0.000000E+00      0.952503E+00      0.644290E-12
  0.1656      0.115732E-08      0.102979E+01      0.731891E-12      0.117239E+01      0.000000E+00
  0.1696      0.989511E-09      0.121087E+01      0.856012E-12      0.194701E+01      0.000000E+00
  0.1736      0.815519E-09      0.148328E+01      0.000000E+00      0.236689E+01      0.000000E+00
  0.1776      0.640573E-09      0.192164E+01      0.132231E-11      0.215144E+01      0.000000E+00
  0.1816      0.470930E-09      0.263821E+01      0.179864E-11      0.281873E+01      0.000000E+00
  0.1856      0.313970E-09      0.399818E+01      0.269781E-11      0.611742E+01      0.000000E+00
  0.1896      0.178281E-09      0.718132E+01      0.000000E+00      0.117556E+02      0.475111E-11
  0.1935      0.737502E-10      0.175791E+02      0.000000E+00      0.210494E+02      0.000000E+00
  0.1975      0.116570E-10      0.112396E+03      0.000000E+00      0.114530E+03      0.000000E+00
  0.2015      0.476852E-11      0.280574E+03      0.000000E+00      0.399130E+03      0.177630E-09
  0.2055      0.674356E-10      0.201569E+02      0.125606E-10      0.334081E+02      0.000000E+00
  0.2095      0.215691E-09      0.637232E+01      0.392707E-11      0.819330E+01      0.392707E-11
  0.2135      0.467347E-09      0.300545E+01      0.000000E+00      0.296687E+01      0.000000E+00
  0.2175      0.842101E-09      0.170025E+01      0.100586E-11      0.223273E+01      0.000000E+00
  0.2215      0.136163E-08      0.106421E+01      0.000000E+00      0.175883E+01      0.622072E-12
  0.2255      0.204970E-08      0.722597E+00      0.000000E+00      0.984133E+00      0.413247E-12
  0.2295      0.293226E-08      0.516468E+00      0.000000E+00      0.508289E+00      0.000000E+00
  0.2334      0.403756E-08      0.380049E+00      0.000000E+00      0.460843E+00      0.000000E+00
  0.2374      0.539623E-08      0.290486E+00      0.000000E+00      0.466284E+00      0.000000E+00
  0.2414      0.704141E-08      0.228185E+00      0.120293E-12      0.325670E+00      0.120293E-12
  0.2454      0.900884E-08      0.181005E+00      0.940224E-13      0.183320E+00      0.000000E+00
  0.2494      0.113370E-07      0.146848E+00      0.000000E+00      0.163598E+00      0.000000E+00
  0.2534      0.140670E-07      0.121593E+00      0.000000E+00      0.185809E+00      0.000000E+00
  0.2574      0.172431E-07      0.100910E+00      0.000000E+00      0.150024E+00      0.000000E+00
  0.2614      0.209125E-07      0.849044E-01      0.000000E+00      0.897238E-01      0.000000E+00
  0.2654      0.251253E-07      0.727298E-01      0.000000E+00      0.747472E-01      0.337123E-13
  0.2694      0.299351E-07      0.622656E-01      0.000000E+00      0.898431E-01      0.000000E+00
  0.2733      0.353985E-07      0.537295E-01      0.239285E-13      0.815684E-01      0.239285E-13
  0.2773      0.415757E-07      0.471640E-01      0.000000E+00      0.520893E-01      0.000000E+00
  0.2813      0.485303E-07      0.413423E-01      0.174537E-13      0.401306E-01      0.174537E-13
  0.2853      0.563294E-07      0.363342E-01      0.150371E-13      0.489137E-01      0.000000E+00
  0.2893      0.650438E-07      0.324657E-01      0.130225E-13      0.491242E-01      0.000000E+00
  0.2933      0.747479E-07      0.290083E-01      0.000000E+00      0.337888E-01      0.000000E+00
  0.2973      0.855201E-07      0.258839E-01      0.000000E+00      0.243070E-01      0.990449E-14
  0.3013      0.974425E-07      0.234529E-01      0.869264E-14      0.288935E-01      0.869264E-14
  0.3053      0.110601E-06      0.212933E-01      0.765845E-14      0.316339E-01      0.000000E+00
  0.3093      0.125086E-06      0.192467E-01      0.000000E+00      0.236219E-01      0.677160E-14
  0.3132      0.140991E-06      0.176339E-01      0.600769E-14      0.162628E-01      0.000000E+00
  0.3172      0.158415E-06      0.162307E-01      0.000000E+00      0.182447E-01      0.534691E-14
  0.3212      0.177460E-06      0.148422E-01      0.477309E-14      0.214053E-01      0.000000E+00
  0.3252      0.198233E-06      0.137243E-01      0.000000E+00      0.174195E-01      0.427292E-14
  0.3292      0.220843E-06      0.127835E-01      0.000000E+00      0.118159E-01      0.000000E+00
  0.3332      0.245407E-06      0.118177E-01      0.000000E+00      0.122314E-01      0.000000E+00
  0.3372      0.272044E-06      0.110142E-01      0.000000E+00      0.150649E-01      0.311359E-14
  0.3412      0.300876E-06      0.103658E-01      0.281522E-14      0.133651E-01      0.000000E+00
  0.3452      0.332033E-06      0.968303E-02      0.000000E+00      0.918463E-02      0.000000E+00
  0.3492      0.365646E-06      0.908930E-02      0.000000E+00      0.869189E-02      0.000000E+00
  0.3531      0.401851E-06      0.863223E-02      0.000000E+00      0.109689E-01      0.000000E+00
  0.3571      0.440790E-06      0.814605E-02      0.000000E+00      0.105763E-01      0.000000E+00
  0.3611      0.482608E-06      0.769868E-02      0.000000E+00      0.753623E-02      0.000000E+00
  0.3651      0.527454E-06      0.736985E-02      0.000000E+00      0.655269E-02      0.000000E+00
  0.3691      0.575481E-06      0.702431E-02      0.000000E+00      0.824826E-02      0.147187E-14
  0.3731      0.626847E-06      0.668432E-02      0.000000E+00      0.858742E-02      0.135126E-14
  0.3771      0.681714E-06      0.644458E-02      0.000000E+00      0.645434E-02      0.124250E-14
  0.3811      0.740249E-06      0.620266E-02      0.000000E+00      0.524492E-02      0.114425E-14
  0.3851      0.802620E-06      0.594490E-02      0.105534E-14      0.641315E-02      0.000000E+00
  0.3891      0.869002E-06      0.576881E-02      0.000000E+00      0.713710E-02      0.000000E+00
  0.3930      0.939572E-06      0.560572E-02      0.000000E+00      0.572119E-02      0.901509E-15
  0.3970      0.101451E-05      0.541532E-02      0.834917E-15      0.445321E-02      0.834917E-15
  0.4010      0.109401E-05      0.528745E-02      0.000000E+00      0.517365E-02      0.000000E+00
  0.4050      0.117825E-05      0.518604E-02      0.718893E-15      0.607097E-02      0.000000E+00
  0.4090      0.126742E-05      0.505432E-02      0.000000E+00      0.522135E-02      0.000000E+00
  0.4130      0.136172E-05      0.496609E-02      0.000000E+00      0.400020E-02      0.000000E+00
  0.4170      0.146136E-05      0.491530E-02      0.000000E+00      0.435373E-02      0.579620E-15
  0.4210      0.156652E-05      0.484004E-02      0.540708E-15      0.529465E-02      0.000000E+00
  0.4250      0.167743E-05      0.478914E-02      0.504960E-15      0.489534E-02      0.000000E+00
  0.4290      0.179427E-05      0.478179E-02      0.000000E+00      0.379097E-02      0.000000E+00
  0.4329      0.191726E-05      0.476912E-02      0.000000E+00      0.384905E-02      0.000000E+00
  0.4369      0.204662E-05      0.476228E-02      0.000000E+00      0.474922E-02      0.413868E-15
  0.4409      0.218256E-05      0.479200E-02      0.000000E+00      0.472104E-02      0.388091E-15
  0.4449      0.232529E-05      0.486993E-02      0.000000E+00      0.380080E-02      0.000000E+00
  0.4489      0.247504E-05      0.494611E-02      0.000000E+00      0.360680E-02      0.000000E+00
  0.4529      0.263202E-05      0.498698E-02      0.000000E+00      0.435316E-02      0.000000E+00
  0.4569      0.279644E-05      0.533454E-02      0.000000E+00      0.473825E-02      0.000000E+00
  0.4609      0.296855E-05      0.620249E-02      0.000000E+00      0.462267E-02      0.000000E+00
  0.4649      0.314855E-05      0.666461E-02      0.000000E+00      0.515770E-02      0.000000E+00
  0.4689      0.333666E-05      0.587534E-02      0.000000E+00      0.610127E-02      0.000000E+00
  0.4728      0.353313E-05      0.489479E-02      0.000000E+00      0.574119E-02      0.000000E+00
  0.4768      0.373816E-05      0.496027E-02      0.000000E+00      0.409610E-02      0.000000E+00
  0.4808      0.395198E-05      0.547169E-02      0.000000E+00      0.345992E-02      0.000000E+00
  0.4848      0.417482E-05      0.581927E-02      0.202891E-15      0.466792E-02      0.000000E+00
  0.4888      0.440689E-05      0.635672E-02      0.000000E+00      0.553714E-02      0.000000E+00
  0.4928      0.464842E-05      0.680833E-02      0.000000E+00      0.466642E-02      0.000000E+00
  0.4968      0.489963E-05      0.714838E-02      0.000000E+00      0.404345E-02      0.000000E+00
  0.5008      0.516073E-05      0.816809E-02      0.164130E-15      0.541305E-02      0.000000E+00
  0.5048      0.543195E-05      0.905498E-02      0.000000E+00      0.669687E-02      0.000000E+00
  0.5088      0.571349E-05      0.947958E-02      0.000000E+00      0.562429E-02      0.000000E+00
  0.5127      0.600558E-05      0.116986E-01      0.000000E+00      0.466160E-02      0.000000E+00
  0.5167      0.630841E-05      0.141057E-01      0.000000E+00      0.710175E-02      0.134270E-15
  0.5207      0.662220E-05      0.144092E-01      0.127908E-15      0.947645E-02      0.127908E-15
  0.5247      0.694715E-05      0.215551E-01      0.121925E-15      0.549218E-02      0.121925E-15
  0.5287      0.728344E-05      0.369560E-01      0.000000E+00     -0.701092E-03      0.000000E+00
  0.5327      0.763129E-05      0.352395E-01      0.000000E+00      0.499728E-02      0.000000E+00
  0.5367      0.799088E-05      0.105640E-01      0.000000E+00      0.254857E-01      0.106000E-15
  0.5407      0.836240E-05     -0.445981E-03      0.101291E-15      0.440625E-01      0.000000E+00
  0.5447      0.874601E-05      0.655198E-02      0.000000E+00      0.614344E-01      0.000000E+00
  0.5487      0.914191E-05      0.515194E-01      0.000000E+00      0.146374E+00      0.000000E+00
  0.5526      0.955026E-05      0.379422E+00      0.000000E+00      0.419032E+00      0.000000E+00
  0.5566      0.997121E-05      0.128140E+01      0.000000E+00      0.943501E+00      0.000000E+00
  0.5606      0.104049E-04      0.245611E+01      0.000000E+00      0.163072E+01      0.000000E+00
  0.5646      0.108516E-04      0.305136E+01      0.000000E+00      0.228261E+01      0.000000E+00
  0.5686      0.113113E-04      0.282377E+01      0.000000E+00      0.276313E+01      0.000000E+00
  0.5726      0.117842E-04      0.267510E+01      0.000000E+00      0.311106E+01      0.000000E+00
  0.5766      0.122704E-04      0.335113E+01      0.000000E+00      0.344577E+01      0.000000E+00
  0.5806      0.127700E-04      0.423194E+01      0.000000E+00      0.376427E+01      0.000000E+00
  0.5846      0.132832E-04      0.427701E+01      0.000000E+00      0.389239E+01      0.000000E+00
  0.5886      0.138100E-04      0.358416E+01      0.000000E+00      0.369056E+01      0.000000E+00
  0.5925      0.143506E-04      0.306523E+01      0.000000E+00      0.328376E+01      0.000000E+00
  0.5965      0.149050E-04      0.307444E+01      0.568287E-16      0.300640E+01      0.000000E+00
  0.6005      0.154733E-04      0.325946E+01      0.547415E-16      0.307583E+01      0.000000E+00
  0.6045      0.160556E-04      0.336045E+01      0.527563E-16      0.335899E+01      0.000000E+00
  0.6085      0.166519E-04      0.338672E+01      0.000000E+00      0.351772E+01      0.000000E+00
  0.6125      0.172622E-04      0.330970E+01      0.000000E+00      0.337402E+01      0.000000E+00
  0.6165      0.178866E-04      0.312035E+01      0.000000E+00      0.307326E+01      0.000000E+00
  0.6205      0.185252E-04      0.295197E+01      0.457234E-16      0.287742E+01      0.000000E+00
  0.6245      0.191778E-04      0.288187E+01      0.000000E+00      0.286766E+01      0.000000E+00
  0.6285      0.198446E-04      0.284975E+01      0.000000E+00      0.291081E+01      0.426834E-16
  0.6324      0.205254E-04      0.282921E+01      0.000000E+00      0.287799E+01      0.000000E+00
  0.6364      0.212203E-04      0.283890E+01      0.000000E+00      0.279844E+01      0.000000E+00
  0.6404      0.219293E-04      0.283493E+01      0.000000E+00      0.276930E+01      0.000000E+00
  0.6444      0.226522E-04      0.277963E+01      0.000000E+00      0.279084E+01      0.000000E+00
  0.6484      0.233891E-04      0.271119E+01      0.000000E+00      0.276910E+01      0.000000E+00
  0.6524      0.241398E-04      0.265133E+01      0.350886E-16      0.266126E+01      0.000000E+00
  0.6564      0.249042E-04      0.257924E+01      0.000000E+00      0.253934E+01      0.000000E+00
  0.6604      0.256823E-04      0.250968E+01      0.000000E+00      0.248648E+01      0.000000E+00
  0.6644      0.264740E-04      0.246894E+01      0.000000E+00      0.248704E+01      0.000000E+00
  0.6684      0.272790E-04      0.243713E+01      0.000000E+00      0.246486E+01      0.000000E+00
  0.6723      0.280973E-04      0.239858E+01      0.000000E+00      0.239864E+01      0.000000E+00
  0.6763      0.289286E-04      0.236955E+01      0.000000E+00      0.234167E+01      0.000000E+00
  0.6803      0.297729E-04      0.234499E+01      0.000000E+00      0.233013E+01      0.000000E+00
  0.6843      0.306300E-04      0.230528E+01      0.000000E+00      0.232737E+01      0.000000E+00
  0.6883      0.314995E-04      0.226071E+01      0.268903E-16      0.228297E+01      0.000000E+00
  0.6923      0.323814E-04      0.222272E+01      0.000000E+00      0.220834E+01      0.000000E+00
  0.6963      0.332754E-04      0.217917E+01      0.000000E+00      0.215489E+01      0.000000E+00
  0.7003      0.341813E-04      0.213091E+01      0.000000E+00      0.213592E+01      0.000000E+00
  0.7043      0.350987E-04      0.209230E+01      0.000000E+00      0.211307E+01      0.000000E+00
  0.7083      0.360275E-04      0.205791E+01      0.000000E+00      0.206077E+01      0.000000E+00
  0.7122      0.369673E-04      0.201971E+01      0.000000E+00      0.200437E+01      0.000000E+00
  0.7162      0.379179E-04      0.198684E+01      0.000000E+00      0.197706E+01      0.000000E+00
  0.7202      0.388789E-04      0.195983E+01      0.000000E+00      0.196810E+01      0.000000E+00
  0.7242      0.398500E-04      0.192835E+01      0.000000E+00      0.194203E+01      0.000000E+00
  0.7282      0.408308E-04      0.189583E+01      0.000000E+00      0.189373E+01      0.000000E+00
  0.7322      0.418211E-04      0.186796E+01      0.000000E+00      0.185262E+01      0.000000E+00
  0.7362      0.428204E-04      0.183744E+01      0.000000E+00      0.183410E+01      0.000000E+00
  0.7402      0.438284E-04      0.180319E+01      0.000000E+00      0.181697E+01      0.000000E+00
  0.7442      0.448447E-04      0.177272E+01      0.000000E+00      0.177934E+01      0.188881E-16
  0.7482      0.458688E-04      0.174337E+01      0.000000E+00      0.173277E+01      0.000000E+00
  0.7521      0.469004E-04      0.171081E+01      0.000000E+00      0.170214E+01      0.000000E+00
  0.7561      0.479390E-04      0.168078E+01      0.000000E+00      0.168656E+01      0.000000E+00
  0.7601      0.489842E-04      0.165431E+01      0.000000E+00      0.166323E+01      0.000000E+00
  0.7641      0.500355E-04      0.162587E+01      0.000000E+00      0.162474E+01      0.169286E-16
  0.7681      0.510924E-04      0.159783E+01      0.000000E+00      0.158933E+01      0.000000E+00
  0.7721      0.521545E-04      0.157351E+01      0.000000E+00      0.157025E+01      0.000000E+00
  0.7761      0.532213E-04      0.154833E+01      0.000000E+00      0.155532E+01      0.000000E+00
  0.7801      0.542923E-04      0.152161E+01      0.000000E+00      0.152768E+01      0.156014E-16
  0.7841      0.553669E-04      0.149752E+01      0.000000E+00      0.149226E+01      0.000000E+00
  0.7881      0.564447E-04      0.147381E+01      0.000000E+00      0.146615E+01      0.000000E+00
  0.7920      0.575250E-04      0.144786E+01      0.000000E+00      0.145074E+01      0.000000E+00
  0.7960      0.586075E-04      0.142327E+01      0.000000E+00      0.143077E+01      0.000000E+00
  0.8000      0.596915E-04      0.140025E+01      0.709509E-17      0.139959E+01      0.000000E+00
  0.8040      0.607764E-04      0.137548E+01      0.000000E+00      0.136898E+01      0.000000E+00
  0.8080      0.618617E-04      0.135099E+01      0.684618E-17      0.134926E+01      0.000000E+00
  0.8120      0.629468E-04      0.132869E+01      0.000000E+00      0.133328E+01      0.672816E-17
  0.8160      0.640312E-04      0.130565E+01      0.661422E-17      0.130913E+01      0.000000E+00
  0.8200      0.651142E-04      0.128202E+01      0.650421E-17      0.127928E+01      0.000000E+00
  0.8240      0.661953E-04      0.126042E+01      0.000000E+00      0.125558E+01      0.000000E+00
  0.8280      0.672738E-04      0.123901E+01      0.000000E+00      0.123981E+01      0.000000E+00
  0.8319      0.683492E-04      0.121647E+01      0.619636E-17      0.122163E+01      0.000000E+00
  0.8359      0.694208E-04      0.119523E+01      0.000000E+00      0.119581E+01      0.000000E+00
  0.8399      0.704880E-04      0.117484E+01      0.000000E+00      0.116996E+01      0.000000E+00
  0.8439      0.715503E-04      0.115323E+01      0.000000E+00      0.115145E+01      0.591915E-17
  0.8479      0.726069E-04      0.113206E+01      0.000000E+00      0.113575E+01      0.583301E-17
  0.8519      0.736572E-04      0.111209E+01      0.000000E+00      0.111451E+01      0.574983E-17
  0.8559      0.747007E-04      0.109124E+01      0.566951E-17      0.108897E+01      0.566951E-17
  0.8599      0.757367E-04      0.107012E+01      0.559196E-17      0.106719E+01      0.000000E+00
  0.8639      0.767645E-04      0.105025E+01      0.551709E-17      0.105081E+01      0.000000E+00
  0.8679      0.777836E-04      0.103009E+01      0.544481E-17      0.103304E+01      0.000000E+00
  0.8718      0.787933E-04      0.100925E+01      0.000000E+00      0.101002E+01      0.537503E-17
  0.8758      0.797929E-04      0.989427E+00      0.000000E+00      0.986598E+00      0.000000E+00
  0.8798      0.807819E-04      0.969870E+00      0.000000E+00      0.968023E+00      0.524271E-17
  0.8838      0.817597E-04      0.949478E+00      0.000000E+00      0.951706E+00      0.000000E+00
  0.8878      0.827255E-04      0.929656E+00      0.000000E+00      0.931925E+00      0.511954E-17
  0.8918      0.836788E-04      0.910461E+00      0.506122E-17      0.908964E+00      0.000000E+00
  0.8958      0.846190E-04      0.890513E+00      0.000000E+00      0.888123E+00      0.000000E+00
  0.8998      0.855454E-04      0.870648E+00      0.000000E+00      0.871077E+00      0.000000E+00
  0.9038      0.864575E-04      0.851561E+00      0.000000E+00      0.853583E+00      0.000000E+00
  0.9078      0.873546E-04      0.831940E+00      0.484824E-17      0.832461E+00      0.484824E-17
  0.9117      0.882362E-04      0.811914E+00      0.000000E+00      0.810329E+00      0.479980E-17
  0.9157      0.891016E-04      0.792548E+00      0.475318E-17      0.791102E+00      0.000000E+00
  0.9197      0.899504E-04      0.773006E+00      0.470833E-17      0.773917E+00      0.000000E+00
  0.9237      0.907818E-04      0.752871E+00      0.466521E-17      0.754784E+00      0.466521E-17
  0.9277      0.915954E-04      0.733136E+00      0.462378E-17      0.732808E+00      0.462378E-17
  0.9317      0.923905E-04      0.713372E+00      0.458398E-17      0.711281E+00      0.000000E+00
  0.9357      0.931668E-04      0.692804E+00      0.000000E+00      0.692424E+00      0.000000E+00
  0.9397      0.939235E-04      0.672329E+00      0.000000E+00      0.674060E+00      0.450917E-17
  0.9437      0.946602E-04      0.652169E+00      0.000000E+00      0.653098E+00      0.447407E-17
  0.9477      0.953764E-04      0.631454E+00      0.444048E-17      0.630289E+00      0.000000E+00
  0.9516      0.960715E-04      0.610487E+00      0.440835E-17      0.608995E+00      0.000000E+00
  0.9556      0.967451E-04      0.589579E+00      0.000000E+00      0.589892E+00      0.000000E+00
  0.9596      0.973968E-04      0.567971E+00      0.000000E+00      0.569743E+00      0.434836E-17
  0.9636      0.980260E-04      0.545826E+00      0.432045E-17      0.546299E+00      0.432045E-17
  0.9676      0.986322E-04      0.523774E+00      0.000000E+00      0.521900E+00      0.000000E+00
  0.9716      0.992152E-04      0.501207E+00      0.426867E-17      0.499946E+00      0.000000E+00
  0.9756      0.997744E-04      0.477836E+00      0.424474E-17      0.479396E+00      0.000000E+00
  0.9796      0.100309E-03      0.454276E+00      0.422210E-17      0.456080E+00      0.422210E-17
  0.9836      0.100820E-03      0.430257E+00      0.000000E+00      0.429267E+00      0.420072E-17
  0.9876      0.101305E-03      0.405270E+00      0.000000E+00      0.403070E+00      0.418059E-17
  0.9915      0.101766E-03      0.379755E+00      0.000000E+00      0.379864E+00      0.416168E-17
  0.9955      0.102200E-03      0.353763E+00      0.414398E-17      0.356058E+00      0.414398E-17
  0.9995      0.102609E-03      0.326755E+00      0.412747E-17      0.327605E+00      0.000000E+00
  1.0035      0.102992E-03      0.298865E+00      0.411215E-17      0.296740E+00      0.000000E+00
  1.0075      0.103348E-03      0.270341E+00      0.000000E+00      0.268570E+00      0.000000E+00
  1.0115      0.103677E-03      0.240972E+00      0.408497E-17      0.242613E+00      0.408497E-17
  1.0155      0.103979E-03      0.210976E+00      0.407310E-17      0.213467E+00      0.000000E+00
  1.0195      0.104254E-03      0.180785E+00      0.406236E-17      0.179947E+00      0.000000E+00
  1.0235      0.104501E-03      0.150086E+00      0.000000E+00      0.147305E+00      0.000000E+00
  1.0275      0.104721E-03      0.118675E+00      0.000000E+00      0.118623E+00      0.404424E-17
  1.0314      0.104913E-03      0.878668E-01      0.000000E+00      0.904543E-01      0.000000E+00
  1.0354      0.105077E-03      0.594338E-01      0.403055E-17      0.604157E-01      0.000000E+00
  1.0394      0.105212E-03      0.341863E-01      0.000000E+00      0.330167E-01      0.402535E-17
  1.0434      0.105320E-03      0.150291E-01      0.000000E+00      0.141505E-01      0.402124E-17
  1.0474      0.105399E-03      0.929029E-02      0.401822E-17      0.782771E-02      0.401822E-17
  1.0514      0.105450E-03      0.248171E-01      0.401628E-17      0.244898E-01      0.401628E-17
  1.0554      0.105472E-03      0.755899E-01      0.401543E-17      0.834693E-01      0.401543E-17
  1.0594      0.105466E-03      0.198057E+00      0.401566E-17      0.204658E+00      0.401566E-17
  1.0634      0.105432E-03      0.449868E+00      0.401698E-17      0.431775E+00      0.401698E-17
  1.0674      0.105369E-03      0.927941E+00      0.000000E+00      0.905953E+00      0.000000E+00
  1.0713      0.105277E-03      0.184958E+01      0.402287E-17      0.188639E+01      0.402287E-17
  1.0753      0.105157E-03      0.349646E+01      0.201373E-17      0.357390E+01      0.201373E-17
  1.0793      0.105009E-03      0.580656E+01      0.201657E-17      0.579702E+01      0.201657E-17
  1.0833      0.104833E-03      0.802667E+01      0.201997E-17      0.789021E+01      0.201997E-17
  1.0873      0.104628E-03      0.913374E+01      0.202391E-17      0.902797E+01      0.202391E-17
  1.0913      0.104396E-03      0.876298E+01      0.202842E-17      0.881818E+01      0.202842E-17
  1.0953      0.104135E-03      0.748832E+01      0.203349E-17      0.760004E+01      0.203349E-17
  1.0993      0.103847E-03      0.612737E+01      0.203913E-17      0.613291E+01      0.203913E-17
  1.1033      0.103532E-03      0.505911E+01      0.204534E-17      0.498964E+01      0.204534E-17
  1.1073      0.103189E-03      0.426492E+01      0.205213E-17      0.425171E+01      0.410426E-17
  1.1112      0.102820E-03      0.366524E+01      0.205951E-17      0.371246E+01      0.411901E-17
  1.1152      0.102424E-03      0.321771E+01      0.206748E-17      0.323391E+01      0.206748E-17
  1.1192      0.102001E-03      0.287470E+01      0.207605E-17      0.284419E+01      0.207605E-17
  1.1232      0.101552E-03      0.259927E+01      0.208522E-17      0.258368E+01      0.208522E-17
  1.1272      0.101077E-03      0.237851E+01      0.209502E-17      0.239874E+01      0.419004E-17
  1.1312      0.100577E-03      0.219915E+01      0.210544E-17      0.221558E+01      0.421089E-17
  1.1352      0.100051E-03      0.204722E+01      0.000000E+00      0.203575E+01      0.423301E-17
  1.1392      0.995006E-04      0.191871E+01      0.000000E+00      0.190290E+01      0.000000E+00
  1.1432      0.989258E-04      0.180992E+01      0.000000E+00      0.181579E+01      0.428115E-17
  1.1472      0.983268E-04      0.171443E+01      0.000000E+00      0.173001E+01      0.000000E+00
  1.1511      0.977043E-04      0.163054E+01      0.433468E-17      0.162948E+01      0.000000E+00
  1.1551      0.970585E-04      0.155747E+01      0.000000E+00      0.154352E+01      0.000000E+00
  1.1591      0.963900E-04      0.149182E+01      0.439378E-17      0.148993E+01      0.000000E+00
  1.1631      0.956991E-04      0.143251E+01      0.000000E+00      0.144481E+01      0.442550E-17
  1.1671      0.949864E-04      0.137973E+01      0.000000E+00      0.138428E+01      0.000000E+00
  1.1711      0.942524E-04      0.133153E+01      0.000000E+00      0.132185E+01      0.000000E+00
  1.1751      0.934974E-04      0.128707E+01      0.452971E-17      0.128095E+01      0.000000E+00
  1.1791      0.927222E-04      0.124686E+01      0.000000E+00      0.125415E+01      0.456759E-17
  1.1831      0.919271E-04      0.120977E+01      0.000000E+00      0.121734E+01      0.000000E+00
  1.1871      0.911127E-04      0.117498E+01      0.000000E+00      0.117045E+01      0.000000E+00
  1.1910      0.902796E-04      0.114306E+01      0.469116E-17      0.113495E+01      0.000000E+00
  1.1950      0.894283E-04      0.111342E+01      0.000000E+00      0.111574E+01      0.473582E-17
  1.1990      0.885594E-04      0.108524E+01      0.478229E-17      0.109367E+01      0.000000E+00
  1.2030      0.876735E-04      0.105907E+01      0.483061E-17      0.105899E+01      0.483061E-17
  1.2070      0.867711E-04      0.103467E+01      0.488085E-17      0.102679E+01      0.000000E+00
  1.2110      0.858529E-04      0.101125E+01      0.000000E+00      0.100966E+01      0.000000E+00
  1.2150      0.849194E-04      0.989232E+00      0.000000E+00      0.996340E+00      0.000000E+00
  1.2190      0.839713E-04      0.968670E+00      0.000000E+00      0.971901E+00      0.000000E+00
  1.2230      0.830092E-04      0.948786E+00      0.000000E+00      0.943081E+00      0.510204E-17
  1.2270      0.820337E-04      0.929861E+00      0.516272E-17      0.925499E+00      0.000000E+00
  1.2309      0.810454E-04      0.912174E+00      0.000000E+00      0.916492E+00      0.522567E-17
  1.2349      0.800449E-04      0.895009E+00      0.000000E+00      0.900413E+00      0.000000E+00
  1.2389      0.790330E-04      0.878453E+00      0.535873E-17      0.875794E+00      0.000000E+00
  1.2429      0.780102E-04      0.862960E+00      0.542899E-17      0.857090E+00      0.000000E+00
  1.2469      0.769772E-04      0.847926E+00      0.000000E+00      0.849177E+00      0.550184E-17
  1.2509      0.759346E-04      0.833249E+00      0.000000E+00      0.839348E+00      0.557738E-17
  1.2549      0.748831E-04      0.819495E+00      0.000000E+00      0.819724E+00      0.000000E+00
  1.2589      0.738233E-04      0.806168E+00      0.000000E+00      0.800465E+00      0.573689E-17
  1.2629      0.727559E-04      0.792965E+00      0.000000E+00      0.791550E+00      0.116421E-16
  1.2669      0.716815E-04      0.780561E+00      0.000000E+00      0.785619E+00      0.000000E+00
  1.2708      0.706008E-04      0.768614E+00      0.000000E+00      0.771244E+00      0.000000E+00
  1.2748      0.695144E-04      0.756572E+00      0.000000E+00      0.752626E+00      0.000000E+00
  1.2788      0.684229E-04      0.745229E+00      0.000000E+00      0.741661E+00      0.123794E-16
  1.2828      0.673270E-04      0.734416E+00      0.000000E+00      0.737183E+00      0.000000E+00
  1.2868      0.662274E-04      0.723139E+00      0.000000E+00      0.727585E+00      0.000000E+00
  1.2908      0.651246E-04      0.712490E+00      0.000000E+00      0.711075E+00      0.000000E+00
  1.2948      0.640194E-04      0.702681E+00      0.000000E+00      0.697684E+00      0.000000E+00
  1.2988      0.629122E-04      0.690625E+00      0.000000E+00      0.690763E+00      0.000000E+00
  1.3028      0.618038E-04      0.676776E+00      0.000000E+00      0.681959E+00      0.137052E-16
  1.3068      0.606948E-04      0.667543E+00      0.000000E+00      0.668367E+00      0.000000E+00
  1.3107      0.595856E-04      0.665064E+00      0.000000E+00      0.659690E+00      0.000000E+00
  1.3147      0.584771E-04      0.662687E+00      0.144849E-16      0.660691E+00      0.000000E+00
  1.3187      0.573697E-04      0.654646E+00      0.147645E-16      0.659699E+00      0.000000E+00
  1.3227      0.562640E-04      0.642727E+00      0.000000E+00      0.645824E+00      0.000000E+00
  1.3267      0.551607E-04      0.631682E+00      0.000000E+00      0.627444E+00      0.153557E-16
  1.3307      0.540602E-04      0.623895E+00      0.000000E+00      0.619904E+00      0.156683E-16
  1.3347      0.529632E-04      0.618682E+00      0.000000E+00      0.621580E+00      0.000000E+00
  1.3387      0.518701E-04      0.613442E+00      0.000000E+00      0.617607E+00      0.000000E+00
  1.3427      0.507815E-04      0.606308E+00      0.000000E+00      0.604432E+00      0.000000E+00
  1.3467      0.496980E-04      0.598470E+00      0.170436E-16      0.594141E+00      0.000000E+00
  1.3506      0.486201E-04      0.592037E+00      0.000000E+00      0.592814E+00      0.000000E+00
  1.3546      0.475482E-04      0.586438E+00      0.000000E+00      0.590672E+00      0.000000E+00
  1.3586      0.464828E-04      0.579722E+00      0.182225E-16      0.579861E+00      0.182225E-16
  1.3626      0.454245E-04      0.572182E+00      0.000000E+00      0.567979E+00      0.000000E+00
  1.3666      0.443737E-04      0.565516E+00      0.000000E+00      0.564285E+00      0.000000E+00
  1.3706      0.433308E-04      0.559683E+00      0.000000E+00      0.563578E+00      0.000000E+00
  1.3746      0.422964E-04      0.553643E+00      0.000000E+00      0.555879E+00      0.000000E+00
  1.3786      0.412707E-04      0.547562E+00      0.000000E+00      0.544154E+00      0.000000E+00
  1.3826      0.402543E-04      0.541801E+00      0.000000E+00      0.538741E+00      0.000000E+00
  1.3866      0.392475E-04      0.535858E+00      0.000000E+00      0.538766E+00      0.000000E+00
  1.3905      0.382508E-04      0.529774E+00      0.000000E+00      0.533680E+00      0.221442E-16
  1.3945      0.372644E-04      0.524167E+00      0.000000E+00      0.522097E+00      0.000000E+00
  1.3985      0.362888E-04      0.518770E+00      0.000000E+00      0.514415E+00      0.000000E+00
  1.4025      0.353243E-04      0.513209E+00      0.000000E+00      0.514456E+00      0.000000E+00
  1.4065      0.343713E-04      0.507914E+00      0.000000E+00      0.512612E+00      0.000000E+00
  1.4105      0.334300E-04      0.502872E+00      0.000000E+00      0.502736E+00      0.000000E+00
  1.4145      0.325007E-04      0.497605E+00      0.000000E+00      0.493007E+00      0.000000E+00
  1.4185      0.315838E-04      0.492398E+00      0.000000E+00      0.491510E+00      0.000000E+00
  1.4225      0.306794E-04      0.487518E+00      0.276091E-16      0.491918E+00      0.000000E+00
  1.4265      0.297880E-04      0.482542E+00      0.000000E+00      0.484616E+00      0.000000E+00
  1.4304      0.289096E-04      0.477545E+00      0.000000E+00      0.473725E+00      0.000000E+00
  1.4344      0.280446E-04      0.472904E+00      0.000000E+00      0.469908E+00      0.000000E+00
  1.4384      0.271930E-04      0.468280E+00      0.000000E+00      0.471534E+00      0.000000E+00
  1.4424      0.263553E-04      0.463537E+00      0.000000E+00      0.467473E+00      0.000000E+00
  1.4464      0.255314E-04      0.459095E+00      0.000000E+00      0.456739E+00      0.000000E+00
  1.4504      0.247216E-04      0.454758E+00      0.342629E-16      0.450316E+00      0.000000E+00
  1.4544      0.239260E-04      0.450228E+00      0.000000E+00      0.451780E+00      0.000000E+00
  1.4584      0.231448E-04      0.445957E+00      0.365971E-16      0.450859E+00      0.000000E+00
  1.4624      0.223781E-04      0.441944E+00      0.000000E+00      0.441512E+00      0.378510E-16
  1.4664      0.216260E-04      0.437664E+00      0.000000E+00      0.432831E+00      0.000000E+00
  1.4703      0.208885E-04      0.433784E+00      0.000000E+00      0.433483E+00      0.000000E+00
  1.4743      0.201659E-04      0.431814E+00      0.000000E+00      0.436872E+00      0.000000E+00
  1.4783      0.194580E-04      0.431916E+00      0.000000E+00      0.432844E+00      0.000000E+00
  1.4823      0.187651E-04      0.431862E+00      0.000000E+00      0.424939E+00      0.000000E+00
  1.4863      0.180870E-04      0.428396E+00      0.000000E+00      0.422770E+00      0.000000E+00
  1.4903      0.174240E-04      0.420844E+00      0.000000E+00      0.423680E+00      0.000000E+00
  1.4943      0.167758E-04      0.412645E+00      0.000000E+00      0.417152E+00      0.000000E+00
  1.4983      0.161427E-04      0.407002E+00      0.000000E+00      0.404553E+00      0.000000E+00
  1.5023      0.155244E-04      0.403154E+00      0.000000E+00      0.398427E+00      0.000000E+00
  1.5063      0.149211E-04      0.399336E+00      0.000000E+00      0.401266E+00      0.000000E+00
  1.5102      0.143327E-04      0.395633E+00      0.000000E+00      0.400910E+00      0.000000E+00
  1.5142      0.137591E-04      0.392198E+00      0.000000E+00      0.391442E+00      0.000000E+00
  1.5182      0.132002E-04      0.388625E+00      0.000000E+00      0.383349E+00      0.000000E+00
  1.5222      0.126561E-04      0.385194E+00      0.669270E-16      0.384899E+00      0.000000E+00
  1.5262      0.121265E-04      0.382031E+00      0.000000E+00      0.387376E+00      0.000000E+00
  1.5302      0.116115E-04      0.378693E+00      0.000000E+00      0.380410E+00      0.000000E+00
  1.5342      0.111109E-04      0.375428E+00      0.000000E+00      0.370498E+00      0.000000E+00
  1.5382      0.106245E-04      0.372521E+00      0.000000E+00      0.369681E+00      0.000000E+00
  1.5422      0.101524E-04      0.369495E+00      0.000000E+00      0.374078E+00      0.000000E+00
  1.5462      0.969426E-05      0.366368E+00      0.000000E+00      0.370479E+00      0.000000E+00
  1.5501      0.925004E-05      0.363457E+00      0.915708E-16      0.359764E+00      0.000000E+00
  1.5541      0.881956E-05      0.360345E+00      0.000000E+00      0.355550E+00      0.000000E+00
  1.5581      0.840266E-05      0.357028E+00      0.100805E-15      0.359990E+00      0.000000E+00
  1.5621      0.799918E-05      0.354075E+00      0.000000E+00      0.359680E+00      0.000000E+00
  1.5661      0.760894E-05      0.351182E+00      0.000000E+00      0.349509E+00      0.000000E+00
  1.5701      0.723176E-05      0.348098E+00      0.000000E+00      0.342191E+00      0.000000E+00
  1.5741      0.686746E-05      0.345405E+00      0.000000E+00      0.345867E+00      0.000000E+00
  1.5781      0.651584E-05      0.342891E+00      0.000000E+00      0.349226E+00      0.000000E+00
  1.5821      0.617669E-05      0.340028E+00      0.000000E+00      0.341284E+00      0.000000E+00
  1.5861      0.584982E-05      0.337407E+00      0.000000E+00      0.331240E+00      0.000000E+00
  1.5900      0.553500E-05      0.335136E+00      0.000000E+00      0.332528E+00      0.000000E+00
  1.5940      0.523203E-05      0.332501E+00      0.000000E+00      0.338653E+00      0.000000E+00
  1.5980      0.494069E-05      0.329930E+00      0.171440E-15      0.334211E+00      0.000000E+00
  1.6020      0.466074E-05      0.327857E+00      0.000000E+00      0.322469E+00      0.000000E+00
  1.6060      0.439196E-05      0.325503E+00      0.000000E+00      0.320177E+00      0.000000E+00
  1.6100      0.413411E-05      0.323014E+00      0.204889E-15      0.327728E+00      0.204889E-15
  1.6140      0.388697E-05      0.321111E+00      0.000000E+00      0.327765E+00      0.000000E+00
  1.6180      0.365029E-05      0.319062E+00      0.000000E+00      0.315940E+00      0.000000E+00
  1.6220      0.342383E-05      0.316623E+00      0.000000E+00      0.309366E+00      0.000000E+00
  1.6260      0.320735E-05      0.314723E+00      0.264091E-15      0.316438E+00      0.264091E-15
  1.6299      0.300061E-05      0.312894E+00      0.000000E+00      0.321148E+00      0.000000E+00
  1.6339      0.280336E-05      0.310570E+00      0.302149E-15      0.311119E+00      0.302149E-15
  1.6379      0.261535E-05      0.308794E+00      0.000000E+00      0.300383E+00      0.000000E+00
  1.6419      0.243633E-05      0.307405E+00      0.347667E-15      0.305148E+00      0.347667E-15
  1.6459      0.226606E-05      0.305395E+00      0.000000E+00      0.314330E+00      0.373790E-15
  1.6499      0.210430E-05      0.303720E+00      0.000000E+00      0.308345E+00      0.402526E-15
  1.6539      0.195078E-05      0.302677E+00      0.000000E+00      0.294434E+00      0.434203E-15
  1.6579      0.180526E-05      0.300995E+00      0.469202E-15      0.294893E+00      0.469202E-15
  1.6619      0.166751E-05      0.299485E+00      0.507964E-15      0.307158E+00      0.507964E-15
  1.6659      0.153726E-05      0.298903E+00      0.000000E+00      0.307153E+00      0.551002E-15
  1.6698      0.141428E-05      0.297690E+00      0.000000E+00      0.292189E+00      0.000000E+00
  1.6738      0.129832E-05      0.296579E+00      0.652405E-15      0.287055E+00      0.000000E+00
  1.6778      0.118915E-05      0.296864E+00      0.712300E-15      0.300183E+00      0.000000E+00
  1.6818      0.108652E-05      0.296253E+00      0.000000E+00      0.307821E+00      0.779581E-15
  1.6858      0.990202E-06      0.296729E+00      0.000000E+00      0.296871E+00      0.000000E+00
  1.6898      0.899954E-06      0.303136E+00      0.000000E+00      0.289600E+00      0.941196E-15
  1.6938      0.815546E-06      0.306408E+00      0.103861E-14      0.301714E+00      0.000000E+00
  1.6978      0.736752E-06      0.293592E+00      0.114969E-14      0.308130E+00      0.114969E-14
  1.7018      0.663344E-06      0.276112E+00      0.000000E+00      0.285394E+00      0.000000E+00
  1.7058      0.595102E-06      0.275646E+00      0.142334E-14      0.261068E+00      0.000000E+00
  1.7097      0.531806E-06      0.288382E+00      0.000000E+00      0.274764E+00      0.000000E+00
  1.7137      0.473240E-06      0.294894E+00      0.178986E-14      0.307744E+00      0.178986E-14
  1.7177      0.419194E-06      0.291502E+00      0.202062E-14      0.307058E+00      0.202062E-14
  1.7217      0.369461E-06      0.287516E+00      0.229262E-14      0.274785E+00      0.229262E-14
  1.7257      0.323836E-06      0.287939E+00      0.000000E+00      0.269380E+00      0.261562E-14
  1.7297      0.282120E-06      0.292149E+00      0.000000E+00      0.306425E+00      0.000000E+00
  1.7337      0.244120E-06      0.298209E+00      0.346975E-14      0.327102E+00      0.000000E+00
  1.7377      0.209643E-06      0.306646E+00      0.404036E-14      0.299205E+00      0.000000E+00
  1.7417      0.178504E-06      0.321325E+00      0.000000E+00      0.281475E+00      0.000000E+00
  1.7457      0.150522E-06      0.341078E+00      0.562729E-14      0.328883E+00      0.562729E-14
  1.7496      0.125520E-06      0.360330E+00      0.000000E+00      0.393943E+00      0.000000E+00
  1.7536      0.103327E-06      0.387605E+00      0.000000E+00      0.408739E+00      0.819763E-14
  1.7576      0.837734E-07      0.452054E+00      0.101110E-13      0.423823E+00      0.000000E+00
  1.7616      0.666988E-07      0.579326E+00      0.126994E-13      0.549875E+00      0.126994E-13
  1.7656      0.519452E-07      0.751144E+00      0.163063E-13      0.766438E+00      0.000000E+00
  1.7696      0.393600E-07      0.901175E+00      0.215201E-13      0.926041E+00      0.000000E+00
  1.7736      0.287957E-07      0.101396E+01      0.000000E+00      0.100405E+01      0.294152E-13
  1.7776      0.201097E-07      0.123995E+01      0.000000E+00      0.122836E+01      0.000000E+00
  1.7816      0.131642E-07      0.183604E+01      0.000000E+00      0.189133E+01      0.643435E-13
  1.7856      0.782668E-08      0.312227E+01      0.000000E+00      0.325303E+01      0.000000E+00
  1.7895      0.396930E-08      0.617614E+01      0.213396E-12      0.629039E+01      0.000000E+00
  1.7935      0.146929E-08      0.167841E+02      0.000000E+00      0.168438E+02      0.000000E+00
  1.7975      0.208786E-09      0.115768E+03      0.000000E+00      0.118192E+03      0.000000E+00
  1.8015      0.748139E-10      0.309072E+03      0.000000E+00      0.319031E+03      0.113219E-10
  1.8055      0.959249E-09      0.239051E+02      0.883017E-12      0.242264E+02      0.000000E+00
  1.8095      0.275878E-08      0.856498E+01      0.307032E-12      0.866169E+01      0.000000E+00
  1.8135      0.537486E-08      0.455056E+01      0.000000E+00      0.466782E+01      0.000000E+00
  1.8175      0.871363E-08      0.296601E+01      0.972078E-13      0.299940E+01      0.972078E-13
  1.8215      0.126859E-07      0.219342E+01      0.667697E-13      0.219527E+01      0.000000E+00
  1.8255      0.172070E-07      0.171127E+01      0.000000E+00      0.175651E+01      0.492260E-13
  1.8294      0.221969E-07      0.138622E+01      0.381599E-13      0.142597E+01      0.000000E+00
  1.8334      0.275799E-07      0.117450E+01      0.307120E-13      0.116305E+01      0.307120E-13
  1.8374      0.332845E-07      0.101960E+01      0.000000E+00      0.101033E+01      0.000000E+00
  1.8414      0.392438E-07      0.898524E+00      0.000000E+00      0.931191E+00      0.215839E-13
  1.8454      0.453948E-07      0.814472E+00      0.186592E-13      0.842930E+00      0.000000E+00
  1.8494      0.516787E-07      0.754262E+00      0.000000E+00      0.742245E+00      0.163904E-13
  1.8534      0.580405E-07      0.703591E+00      0.145938E-13      0.688562E+00      0.000000E+00
  1.8574      0.644294E-07      0.664884E+00      0.131467E-13      0.683796E+00      0.000000E+00
  1.8614      0.707981E-07      0.637394E+00      0.000000E+00      0.664119E+00      0.000000E+00
  1.8654      0.771031E-07      0.613114E+00      0.000000E+00      0.609715E+00      0.000000E+00
  1.8693      0.833044E-07      0.591737E+00      0.101679E-13      0.573384E+00      0.000000E+00
  1.8733      0.893654E-07      0.575654E+00      0.000000E+00      0.581709E+00      0.947831E-14
  1.8773      0.952530E-07      0.561385E+00      0.889245E-14      0.587347E+00      0.000000E+00
  1.8813      0.100937E-06      0.547690E+00      0.000000E+00      0.553778E+00      0.839168E-14
  1.8853      0.106391E-06      0.537582E+00      0.000000E+00      0.518797E+00      0.796150E-14
  1.8893      0.111591E-06      0.530366E+00      0.759052E-14      0.525704E+00      0.759052E-14
  1.8933      0.116515E-06      0.523831E+00      0.000000E+00      0.546748E+00      0.726970E-14
  1.8973      0.121147E-06      0.519376E+00      0.000000E+00      0.533482E+00      0.000000E+00
  1.9013      0.125469E-06      0.517589E+00      0.000000E+00      0.502356E+00      0.000000E+00
  1.9053      0.129469E-06      0.516582E+00      0.000000E+00      0.504105E+00      0.654236E-14
  1.9092      0.133136E-06      0.516596E+00      0.000000E+00      0.533247E+00      0.000000E+00
  1.9132      0.136462E-06      0.518744E+00      0.000000E+00      0.538375E+00      0.000000E+00
  1.9172      0.139441E-06      0.521774E+00      0.000000E+00      0.513483E+00      0.607449E-14
  1.9212      0.142068E-06      0.525111E+00      0.596217E-14      0.507846E+00      0.596217E-14
  1.9252      0.144341E-06      0.530000E+00      0.586828E-14      0.537981E+00      0.586828E-14
  1.9292      0.146260E-06      0.536173E+00      0.000000E+00      0.558565E+00      0.000000E+00
  1.9332      0.147825E-06      0.542755E+00      0.572996E-14      0.543348E+00      0.000000E+00
  1.9372      0.149041E-06      0.550717E+00      0.000000E+00      0.531848E+00      0.000000E+00
  1.9412      0.149910E-06      0.560606E+00      0.000000E+00      0.559031E+00      0.000000E+00
  1.9452      0.150439E-06      0.571458E+00      0.000000E+00      0.593178E+00      0.000000E+00
  1.9491      0.150636E-06      0.583189E+00      0.000000E+00      0.592413E+00      0.562306E-14
  1.9531      0.150507E-06      0.596462E+00      0.000000E+00      0.579445E+00      0.000000E+00
  1.9571      0.150062E-06      0.611371E+00      0.564455E-14      0.601568E+00      0.564455E-14
  1.9611      0.149312E-06      0.628331E+00      0.567291E-14      0.646751E+00      0.000000E+00
  1.9651      0.148267E-06      0.647822E+00      0.000000E+00      0.665105E+00      0.000000E+00
  1.9691      0.146940E-06      0.669337E+00      0.576449E-14      0.658001E+00      0.000000E+00
  1.9731      0.145342E-06      0.692744E+00      0.000000E+00      0.676270E+00      0.000000E+00
  1.9771      0.143488E-06      0.718847E+00      0.000000E+00      0.729988E+00      0.000000E+00
  1.9811      0.141390E-06      0.747831E+00      0.000000E+00      0.770290E+00      0.000000E+00
  1.9851      0.139063E-06      0.779574E+00      0.000000E+00      0.776633E+00      0.000000E+00
  1.9890      0.136522E-06      0.814735E+00      0.620438E-14      0.794607E+00      0.620438E-14
  1.9930      0.133780E-06      0.853876E+00      0.633153E-14      0.855819E+00      0.633153E-14
  1.9970      0.130853E-06      0.897165E+00      0.647315E-14      0.921622E+00      0.647315E-14
  2.0010      0.127757E-06      0.945237E+00      0.663005E-14      0.952121E+00      0.000000E+00
  2.0050      0.124505E-06      0.998926E+00      0.680321E-14      0.978936E+00      0.680321E-14
  2.0090      0.121114E-06      0.105892E+01      0.699371E-14      0.105108E+01      0.000000E+00
  2.0130      0.117598E-06      0.112609E+01      0.000000E+00      0.114849E+01      0.000000E+00
  2.0170      0.113972E-06      0.120136E+01      0.000000E+00      0.121808E+01      0.743194E-14
  2.0210      0.110252E-06      0.128580E+01      0.000000E+00      0.127034E+01      0.000000E+00
  2.0250      0.106451E-06      0.138091E+01      0.000000E+00      0.136428E+01      0.000000E+00
  2.0289      0.102585E-06      0.148837E+01      0.000000E+00      0.150481E+01      0.000000E+00
  2.0329      0.986665E-07      0.161023E+01      0.000000E+00      0.163542E+01      0.000000E+00
  2.0369      0.947103E-07      0.174901E+01      0.000000E+00      0.174201E+01      0.000000E+00
  2.0409      0.907295E-07      0.190703E+01      0.933581E-14      0.188405E+01      0.000000E+00
  2.0449      0.867369E-07      0.208760E+01      0.000000E+00      0.209456E+01      0.000000E+00
  2.0489      0.827451E-07      0.229552E+01      0.000000E+00      0.232563E+01      0.102367E-13
  2.0529      0.787660E-07      0.253543E+01      0.107538E-13      0.253992E+01      0.107538E-13
  2.0569      0.748112E-07      0.281285E+01      0.113223E-13      0.278797E+01      0.000000E+00
  2.0609      0.708917E-07      0.313635E+01      0.000000E+00      0.313131E+01      0.000000E+00
  2.0648      0.670180E-07      0.351514E+01      0.000000E+00      0.354538E+01      0.000000E+00
  2.0688      0.632000E-07      0.395960E+01      0.000000E+00      0.397807E+01      0.000000E+00
  2.0728      0.594470E-07      0.448593E+01      0.142485E-13      0.446487E+01      0.142485E-13
  2.0768      0.557679E-07      0.511351E+01      0.000000E+00      0.509561E+01      0.000000E+00
  2.0808      0.521707E-07      0.586367E+01      0.000000E+00      0.588892E+01      0.000000E+00
  2.0848      0.486632E-07      0.676829E+01      0.174060E-13      0.680044E+01      0.174060E-13
  2.0888      0.452523E-07      0.786949E+01      0.000000E+00      0.785801E+01      0.187180E-13
  2.0928      0.419444E-07      0.921522E+01      0.201942E-13      0.918817E+01      0.201942E-13
  2.0968      0.387454E-07      0.108741E+02      0.000000E+00      0.108891E+02      0.000000E+00
  2.1008      0.356604E-07      0.129446E+02      0.000000E+00      0.129840E+02      0.000000E+00
  2.1048      0.326941E-07      0.155495E+02      0.259078E-13      0.155545E+02      0.000000E+00
  2.1087      0.298505E-07      0.188599E+02      0.283758E-13      0.188350E+02      0.000000E+00
  2.1127      0.271332E-07      0.231272E+02      0.000000E+00      0.231258E+02      0.312176E-13
  2.1167      0.245449E-07      0.286865E+02      0.345095E-13      0.287204E+02      0.000000E+00
  2.1207      0.220881E-07      0.360081E+02      0.383479E-13      0.360366E+02      0.000000E+00
  2.1247      0.197646E-07      0.458049E+02      0.000000E+00      0.457998E+02      0.000000E+00
  2.1287      0.175757E-07      0.591036E+02      0.000000E+00      0.590885E+02      0.000000E+00
  2.1327      0.155222E-07      0.773826E+02      0.545692E-13      0.773958E+02      0.545692E-13
  2.1367      0.136043E-07      0.102900E+03      0.622621E-13      0.102933E+03      0.622621E-13
  2.1407      0.118219E-07      0.139021E+03      0.000000E+00      0.139052E+03      0.000000E+00
  2.1446      0.101743E-07      0.190556E+03      0.832519E-13      0.190601E+03      0.000000E+00
  2.1486      0.866052E-08      0.264335E+03      0.978039E-13      0.264347E+03      0.978039E-13
  2.1526      0.727897E-08      0.369391E+03      0.116367E-12      0.369265E+03      0.000000E+00
  2.1566      0.602780E-08      0.515598E+03      0.000000E+00      0.515539E+03      0.140521E-12
  2.1606      0.490475E-08      0.710901E+03      0.000000E+00      0.711313E+03      0.172697E-12
  2.1646      0.390719E-08      0.958499E+03      0.216788E-12      0.959018E+03      0.216788E-12
  2.1686      0.303220E-08      0.125642E+04      0.000000E+00      0.125598E+04      0.000000E+00
  2.1726      0.227652E-08      0.160444E+04      0.000000E+00      0.160328E+04      0.372074E-12
  2.1766      0.163662E-08      0.202362E+04      0.517551E-12      0.202387E+04      0.517551E-12
  2.1806      0.110870E-08      0.259128E+04      0.763990E-12      0.259365E+04      0.763990E-12
  2.1846      0.688728E-09      0.351385E+04      0.122985E-11      0.351510E+04      0.000000E+00
  2.1885      0.372465E-09      0.538618E+04      0.000000E+00      0.538276E+04      0.227413E-11
  2.1925      0.155468E-09      0.106350E+05      0.544827E-11      0.106300E+05      0.544827E-11
  2.1965      0.331309E-10      0.411939E+05      0.000000E+00      0.412169E+05      0.000000E+00
  2.2005      0.697629E-12      0.162352E+07      0.121416E-08      0.162505E+07      0.000000E+00
  2.2045      0.532888E-10      0.177580E+05      0.158951E-10      0.177611E+05      0.158951E-10
  2.2085      0.185922E-09      0.428677E+04      0.455585E-11      0.428369E+04      0.455585E-11
  2.2125      0.393532E-09      0.172042E+04      0.000000E+00      0.172005E+04      0.215239E-11
  2.2165      0.670994E-09      0.863729E+03      0.126235E-11      0.864853E+03      0.000000E+00
  2.2205      0.101314E-08      0.493228E+03      0.000000E+00      0.493835E+03      0.836046E-12
  2.2245      0.141479E-08      0.306765E+03      0.598700E-12      0.306586E+03      0.000000E+00
  2.2284      0.187074E-08      0.202745E+03      0.452779E-12      0.202596E+03      0.000000E+00
  2.2324      0.237583E-08      0.140254E+03      0.000000E+00      0.140436E+03      0.356521E-12
  2.2364      0.292492E-08      0.100644E+03      0.000000E+00      0.100829E+03      0.000000E+00
  2.2404      0.351291E-08      0.744219E+02      0.000000E+00      0.744319E+02      0.241120E-12
  2.2444      0.413479E-08      0.564174E+02      0.000000E+00      0.563892E+02      0.000000E+00
  2.2484      0.478561E-08      0.436922E+02      0.000000E+00      0.437312E+02      0.176996E-12
  2.2524      0.546054E-08      0.344537E+02      0.000000E+00      0.345171E+02      0.000000E+00
  2.2564      0.615483E-08      0.275842E+02      0.000000E+00      0.276167E+02      0.000000E+00
  2.2604      0.686389E-08      0.223954E+02      0.000000E+00      0.224041E+02      0.000000E+00
  2.2643      0.758323E-08      0.184183E+02      0.000000E+00      0.184323E+02      0.000000E+00
  2.2683      0.830852E-08      0.153166E+02      0.000000E+00      0.153392E+02      0.000000E+00
  2.2723      0.903560E-08      0.128675E+02      0.000000E+00      0.128871E+02      0.000000E+00
  2.2763      0.976046E-08      0.109120E+02      0.000000E+00      0.109300E+02      0.000000E+00
  2.2803      0.104793E-07      0.932828E+01      0.000000E+00      0.934679E+01      0.000000E+00
  2.2843      0.111883E-07      0.803667E+01      0.000000E+00      0.804535E+01      0.000000E+00
  2.2883      0.118842E-07      0.697876E+01      0.000000E+00      0.698179E+01      0.000000E+00
  2.2923      0.125637E-07      0.610012E+01      0.000000E+00      0.611783E+01      0.000000E+00
  2.2963      0.132236E-07      0.536302E+01      0.000000E+00      0.538894E+01      0.000000E+00
  2.3003      0.138611E-07      0.474434E+01      0.000000E+00      0.475065E+01      0.000000E+00
  2.3043      0.144736E-07      0.422051E+01      0.000000E+00      0.421302E+01      0.000000E+00
  2.3082      0.150586E-07      0.377252E+01      0.000000E+00      0.378407E+01      0.000000E+00
  2.3122      0.156137E-07      0.338992E+01      0.000000E+00      0.341882E+01      0.000000E+00
  2.3162      0.161371E-07      0.306119E+01      0.000000E+00      0.307240E+01      0.000000E+00
  2.3202      0.166268E-07      0.277510E+01      0.000000E+00      0.276381E+01      0.000000E+00
  2.3242      0.170812E-07      0.252660E+01      0.000000E+00      0.252820E+01      0.000000E+00
  2.3282      0.174990E-07      0.231075E+01      0.000000E+00      0.233839E+01      0.000000E+00
  2.3322      0.178788E-07      0.212070E+01      0.000000E+00      0.214041E+01      0.000000E+00
  2.3362      0.182197E-07      0.195330E+01      0.000000E+00      0.194310E+01      0.000000E+00
  2.3402      0.185210E-07      0.180646E+01      0.000000E+00      0.179764E+01      0.000000E+00
  2.3441      0.187819E-07      0.167579E+01      0.000000E+00      0.169889E+01      0.000000E+00
  2.3481      0.190020E-07      0.155910E+01      0.000000E+00      0.158697E+01      0.000000E+00
  2.3521      0.191811E-07      0.145586E+01      0.000000E+00      0.145070E+01      0.000000E+00
  2.3561      0.193192E-07      0.136330E+01      0.000000E+00      0.134663E+01      0.000000E+00
  2.3601      0.194164E-07      0.127952E+01      0.000000E+00      0.129481E+01      0.000000E+00
  2.3641      0.194729E-07      0.120465E+01      0.000000E+00      0.123781E+01      0.000000E+00
  2.3681      0.194891E-07      0.113700E+01      0.000000E+00      0.114071E+01      0.000000E+00
  2.3721      0.194658E-07      0.107472E+01      0.000000E+00      0.105404E+01      0.000000E+00
  2.3761      0.194035E-07      0.101813E+01      0.000000E+00      0.102261E+01      0.000000E+00
  2.3801      0.193032E-07      0.966506E+00      0.000000E+00      0.100151E+01      0.000000E+00
  2.3841      0.191660E-07      0.918972E+00      0.000000E+00      0.934411E+00      0.000000E+00
  2.3880      0.189928E-07      0.878087E+00      0.000000E+00      0.857449E+00      0.000000E+00
  2.3920      0.187851E-07      0.846025E+00      0.000000E+00      0.838305E+00      0.000000E+00
  2.3960      0.185440E-07      0.820819E+00      0.000000E+00      0.853832E+00      0.000000E+00
  2.4000      0.182711E-07      0.799259E+00      0.000000E+00      0.826939E+00      0.000000E+00
  2.4040      0.179679E-07      0.778390E+00      0.000000E+00      0.762215E+00      0.000000E+00
  2.4080      0.176360E-07      0.756123E+00      0.000000E+00      0.737237E+00      0.000000E+00
  2.4120      0.172770E-07      0.734228E+00      0.000000E+00      0.761010E+00      0.000000E+00
  2.4160      0.168928E-07      0.715841E+00      0.000000E+00      0.754536E+00      0.000000E+00
  2.4200      0.164851E-07      0.700572E+00      0.000000E+00      0.694124E+00      0.000000E+00
  2.4240      0.160557E-07      0.687217E+00      0.000000E+00      0.659465E+00      0.000000E+00
  2.4279      0.156066E-07      0.676160E+00      0.000000E+00      0.691700E+00      0.000000E+00
  2.4319      0.151395E-07      0.666549E+00      0.000000E+00      0.714010E+00      0.000000E+00
  2.4359      0.146565E-07      0.657834E+00      0.000000E+00      0.666428E+00      0.000000E+00
  2.4399      0.141595E-07      0.651647E+00      0.000000E+00      0.618271E+00      0.000000E+00
  2.4439      0.136503E-07      0.647555E+00      0.000000E+00      0.647743E+00      0.000000E+00
  2.4479      0.131310E-07      0.643778E+00      0.000000E+00      0.696739E+00      0.000000E+00
  2.4519      0.126035E-07      0.641665E+00      0.000000E+00      0.669340E+00      0.000000E+00
  2.4559      0.120696E-07      0.641979E+00      0.000000E+00      0.608141E+00      0.000000E+00
  2.4599      0.115312E-07      0.642958E+00      0.000000E+00      0.625367E+00      0.000000E+00
  2.4638      0.109902E-07      0.645567E+00      0.000000E+00      0.698369E+00      0.000000E+00
  2.4678      0.104483E-07      0.651175E+00      0.000000E+00      0.700961E+00      0.000000E+00
  2.4718      0.990743E-08      0.657601E+00      0.000000E+00      0.631685E+00      0.000000E+00
  2.4758      0.936918E-08      0.665061E+00      0.000000E+00      0.628011E+00      0.000000E+00
  2.4798      0.883524E-08      0.675995E+00      0.000000E+00      0.720294E+00      0.000000E+00
  2.4838      0.830721E-08      0.688591E+00      0.000000E+00      0.763899E+00      0.000000E+00
  2.4878      0.778663E-08      0.702181E+00      0.000000E+00      0.695363E+00      0.000000E+00
  2.4918      0.727497E-08      0.720141E+00      0.000000E+00      0.662349E+00      0.000000E+00
  2.4958      0.677363E-08      0.741230E+00      0.000000E+00      0.767397E+00      0.000000E+00
  2.4998      0.628393E-08      0.763371E+00      0.000000E+00      0.867345E+00      0.000000E+00
  2.5038      0.580713E-08      0.790790E+00      0.000000E+00      0.816688E+00      0.000000E+00
  2.5077      0.534438E-08      0.823753E+00      0.000000E+00      0.747339E+00      0.000000E+00
  2.5117      0.489678E-08      0.858604E+00      0.000000E+00      0.855085E+00      0.000000E+00
  2.5157      0.446533E-08      0.900169E+00      0.000000E+00      0.103259E+01      0.000000E+00
  2.5197      0.405095E-08      0.951537E+00      0.000000E+00      0.103125E+01      0.000000E+00
  2.5237      0.365446E-08      0.100752E+01      0.000000E+00      0.923029E+00      0.000000E+00
  2.5277      0.327662E-08      0.107320E+01      0.000000E+00      0.101990E+01      0.000000E+00
  2.5317      0.291806E-08      0.115704E+01      0.000000E+00      0.131232E+01      0.000000E+00
  2.5357      0.257937E-08      0.125321E+01      0.000000E+00      0.142906E+01      0.000000E+00
  2.5397      0.226103E-08      0.136668E+01      0.000000E+00      0.130017E+01      0.000000E+00
  2.5436      0.196342E-08      0.151831E+01      0.000000E+00      0.137494E+01      0.000000E+00
  2.5476      0.168686E-08      0.170879E+01      0.000000E+00      0.187080E+01      0.000000E+00
  2.5516      0.143156E-08      0.194601E+01      0.000000E+00      0.230700E+01      0.000000E+00
  2.5556      0.119767E-08      0.228789E+01      0.000000E+00      0.232206E+01      0.000000E+00
  2.5596      0.985238E-09      0.278338E+01      0.000000E+00      0.250089E+01      0.000000E+00
  2.5636      0.794250E-09      0.344283E+01      0.000000E+00      0.355505E+01      0.000000E+00
  2.5676      0.624602E-09      0.431765E+01      0.000000E+00      0.497641E+01      0.000000E+00
  2.5716      0.476119E-09      0.550262E+01      0.000000E+00      0.574843E+01      0.000000E+00
  2.5756      0.348552E-09      0.711711E+01      0.000000E+00      0.657790E+01      0.000000E+00
  2.5796      0.241585E-09      0.952862E+01      0.000000E+00      0.984987E+01      0.000000E+00
  2.5836      0.154833E-09      0.137596E+02      0.000000E+00      0.163854E+02      0.000000E+00
  2.5875      0.878475E-10      0.225373E+02      0.000000E+00      0.246636E+02      0.000000E+00
  2.5915      0.401209E-10      0.461810E+02      0.000000E+00      0.416938E+02      0.000000E+00
  2.5955      0.110883E-10      0.157620E+03      0.000000E+00      0.154633E+03      0.000000E+00
  2.5995      0.131795E-12      0.125138E+05      0.000000E+00      0.151664E+05      0.000000E+00
  2.6035      0.658416E-11      0.236992E+03      0.000000E+00      0.278367E+03      0.000000E+00
  2.6075      0.297324E-10      0.501267E+02      0.000000E+00      0.464550E+02      0.000000E+00
  2.6115      0.688217E-10      0.206884E+02      0.000000E+00      0.193296E+02      0.000000E+00
  2.6155      0.123059E-09      0.110314E+02      0.000000E+00      0.132283E+02      0.000000E+00
  2.6195      0.191619E-09      0.680763E+01      0.000000E+00      0.839394E+01      0.000000E+00
  2.6235      0.273643E-09      0.457443E+01      0.000000E+00      0.444430E+01      0.000000E+00
  2.6274      0.368249E-09      0.322901E+01      0.000000E+00      0.291254E+01      0.000000E+00
  2.6314      0.474533E-09      0.237658E+01      0.000000E+00      0.278148E+01      0.000000E+00
  2.6354      0.591571E-09      0.178876E+01      0.000000E+00      0.233316E+01      0.000000E+00
  2.6394      0.718427E-09      0.135224E+01      0.000000E+00      0.142365E+01      0.000000E+00
  2.6434      0.854151E-09      0.104319E+01      0.000000E+00      0.892874E+00      0.000000E+00
  2.6474      0.997791E-09      0.821730E+00      0.000000E+00      0.913048E+00      0.000000E+00
  2.6514      0.114839E-08      0.646648E+00      0.000000E+00      0.910070E+00      0.000000E+00
  2.6554      0.130499E-08      0.518829E+00      0.000000E+00      0.621870E+00      0.000000E+00
  2.6594      0.146664E-08      0.431276E+00      0.000000E+00      0.371625E+00      0.000000E+00
  2.6634      0.163239E-08      0.358239E+00      0.000000E+00      0.379803E+00      0.000000E+00
  2.6673      0.180132E-08      0.298977E+00      0.000000E+00      0.436650E+00      0.000000E+00
  2.6713      0.197250E-08      0.259180E+00      0.000000E+00      0.340281E+00      0.000000E+00
  2.6753      0.214503E-08      0.225495E+00      0.000000E+00      0.209377E+00      0.000000E+00
  2.6793      0.231803E-08      0.194309E+00      0.000000E+00      0.204617E+00      0.000000E+00
  2.6833      0.249064E-08      0.173425E+00      0.000000E+00      0.251609E+00      0.000000E+00
  2.6873      0.266204E-08      0.156948E+00      0.000000E+00      0.216464E+00      0.000000E+00
  2.6913      0.283141E-08      0.139374E+00      0.000000E+00      0.141845E+00      0.000000E+00
  2.6953      0.299797E-08      0.126811E+00      0.000000E+00      0.135299E+00      0.000000E+00
  2.6993      0.316100E-08      0.117830E+00      0.000000E+00      0.169459E+00      0.000000E+00
  2.7033      0.331979E-08      0.106745E+00      0.000000E+00      0.153607E+00      0.000000E+00
  2.7072      0.347365E-08      0.974481E-01      0.000000E+00      0.103964E+00      0.000000E+00
  2.7112      0.362196E-08      0.912554E-01      0.000000E+00      0.974221E-01      0.000000E+00
  2.7152      0.376413E-08      0.836206E-01      0.000000E+00      0.123904E+00      0.000000E+00
  2.7192      0.389961E-08      0.768154E-01      0.000000E+00      0.116062E+00      0.000000E+00
  2.7232      0.402787E-08      0.733620E-01      0.000000E+00      0.798147E-01      0.000000E+00
  2.7272      0.414846E-08      0.691950E-01      0.000000E+00      0.755831E-01      0.000000E+00
  2.7312      0.426095E-08      0.645809E-01      0.000000E+00      0.998474E-01      0.000000E+00
  2.7352      0.436495E-08      0.626678E-01      0.000000E+00      0.961652E-01      0.000000E+00
  2.7392      0.446014E-08      0.606296E-01      0.000000E+00      0.657781E-01      0.000000E+00
  2.7431      0.454620E-08      0.573661E-01      0.000000E+00      0.628764E-01      0.000000E+00
  2.7471      0.462291E-08      0.561278E-01      0.000000E+00      0.882718E-01      0.000000E+00
  2.7511      0.469004E-08      0.554518E-01      0.000000E+00      0.879963E-01      0.000000E+00
  2.7551      0.474745E-08      0.532224E-01      0.000000E+00      0.582052E-01      0.000000E+00
  2.7591      0.479500E-08      0.522272E-01      0.000000E+00      0.536235E-01      0.000000E+00
  2.7631      0.483263E-08      0.523027E-01      0.000000E+00      0.820047E-01      0.000000E+00
  2.7671      0.486031E-08      0.507573E-01      0.000000E+00      0.869113E-01      0.000000E+00
  2.7711      0.487804E-08      0.496196E-01      0.000000E+00      0.551276E-01      0.000000E+00
  2.7751      0.488586E-08      0.501130E-01      0.000000E+00      0.450935E-01      0.000000E+00
  2.7791      0.488387E-08      0.498800E-01      0.000000E+00      0.775243E-01      0.000000E+00
  2.7831      0.487220E-08      0.506058E-01      0.000000E+00      0.931294E-01      0.000000E+00
  2.7870      0.485099E-08      0.549777E-01      0.000000E+00      0.630545E-01      0.000000E+00
  2.7910      0.482044E-08      0.600587E-01      0.000000E+00      0.474713E-01      0.000000E+00
  2.7950      0.478079E-08      0.636545E-01      0.000000E+00      0.853422E-01      0.000000E+00
  2.7990      0.473229E-08      0.670755E-01      0.000000E+00      0.116264E+00      0.000000E+00
  2.8030      0.467523E-08      0.694119E-01      0.000000E+00      0.875180E-01      0.000000E+00
  2.8070      0.460994E-08      0.700900E-01      0.000000E+00      0.548788E-01      0.000000E+00
  2.8110      0.453674E-08      0.716694E-01      0.000000E+00      0.840329E-01      0.000000E+00
  2.8150      0.445601E-08      0.740939E-01      0.000000E+00      0.126581E+00      0.000000E+00
  2.8190      0.436814E-08      0.758068E-01      0.000000E+00      0.105299E+00      0.000000E+00
  2.8230      0.427354E-08      0.787518E-01      0.000000E+00      0.608156E-01      0.000000E+00
  2.8269      0.417264E-08      0.834659E-01      0.000000E+00      0.835627E-01      0.000000E+00
  2.8309      0.406587E-08      0.873489E-01      0.000000E+00      0.143982E+00      0.000000E+00
  2.8349      0.395370E-08      0.910212E-01      0.000000E+00      0.138035E+00      0.000000E+00
  2.8389      0.383659E-08      0.961223E-01      0.000000E+00      0.799479E-01      0.000000E+00
  2.8429      0.371503E-08      0.100901E+00      0.000000E+00      0.861454E-01      0.000000E+00
  2.8469      0.358950E-08      0.105422E+00      0.000000E+00      0.161629E+00      0.000000E+00
  2.8509      0.346049E-08      0.111804E+00      0.000000E+00      0.179401E+00      0.000000E+00
  2.8549      0.332850E-08      0.118468E+00      0.000000E+00      0.111384E+00      0.000000E+00
  2.8589      0.319402E-08      0.124246E+00      0.000000E+00      0.930491E-01      0.000000E+00
  2.8629      0.305755E-08      0.131674E+00      0.000000E+00      0.180192E+00      0.000000E+00
  2.8668      0.291960E-08      0.140388E+00      0.000000E+00      0.232338E+00      0.000000E+00
  2.8708      0.278064E-08      0.148296E+00      0.000000E+00      0.161471E+00      0.000000E+00
  2.8748      0.264116E-08      0.157591E+00      0.000000E+00      0.108969E+00      0.000000E+00
  2.8788      0.250164E-08      0.169128E+00      0.000000E+00      0.200577E+00      0.000000E+00
  2.8828      0.236255E-08      0.180111E+00      0.000000E+00      0.300454E+00      0.000000E+00
  2.8868      0.222435E-08      0.191952E+00      0.000000E+00      0.240264E+00      0.000000E+00
  2.8908      0.208747E-08      0.207120E+00      0.000000E+00      0.142948E+00      0.000000E+00
  2.8948      0.195235E-08      0.222823E+00      0.000000E+00      0.225616E+00      0.000000E+00
  2.8988      0.181941E-08      0.239110E+00      0.000000E+00      0.389513E+00      0.000000E+00
  2.9028      0.168904E-08      0.259884E+00      0.000000E+00      0.364305E+00      0.000000E+00
  2.9067      0.156163E-08      0.282998E+00      0.000000E+00      0.212145E+00      0.000000E+00
  2.9107      0.143753E-08      0.306596E+00      0.000000E+00      0.263526E+00      0.000000E+00
  2.9147      0.131710E-08      0.335904E+00      0.000000E+00      0.512982E+00      0.000000E+00
  2.9187      0.120064E-08      0.370767E+00      0.000000E+00      0.567136E+00      0.000000E+00
  2.9227      0.108847E-08      0.407192E+00      0.000000E+00      0.352646E+00      0.000000E+00
  2.9267      0.980862E-09      0.451175E+00      0.000000E+00      0.333001E+00      0.000000E+00
  2.9307      0.878071E-09      0.506403E+00      0.000000E+00      0.699550E+00      0.000000E+00
  2.9347      0.780329E-09      0.567131E+00      0.000000E+00      0.923436E+00      0.000000E+00
  2.9387      0.687847E-09      0.639424E+00      0.000000E+00      0.652743E+00      0.000000E+00
  2.9426      0.600808E-09      0.733994E+00      0.000000E+00      0.486946E+00      0.000000E+00
  2.9466      0.519375E-09      0.845504E+00      0.000000E+00      0.102798E+01      0.000000E+00
  2.9506      0.443682E-09      0.979866E+00      0.000000E+00      0.164301E+01      0.000000E+00
  2.9546      0.373844E-09      0.116217E+01      0.000000E+00      0.138594E+01      0.000000E+00
  2.9586      0.309947E-09      0.139697E+01      0.000000E+00      0.910286E+00      0.000000E+00
  2.9626      0.252055E-09      0.169688E+01      0.000000E+00      0.177003E+01      0.000000E+00
  2.9666      0.200209E-09      0.212875E+01      0.000000E+00      0.352010E+01      0.000000E+00
  2.9706      0.154425E-09      0.275469E+01      0.000000E+00      0.376512E+01      0.000000E+00
  2.9746      0.114697E-09      0.365588E+01      0.000000E+00      0.258739E+01      0.000000E+00
  2.9786      0.809963E-10      0.512404E+01      0.000000E+00      0.447728E+01      0.000000E+00
  2.9826      0.532710E-10      0.776190E+01      0.000000E+00      0.121853E+02      0.000000E+00
  2.9865      0.314493E-10      0.129542E+02      0.000000E+00      0.199029E+02      0.000000E+00
  2.9905      0.154380E-10      0.260178E+02      0.000000E+00      0.213655E+02      0.000000E+00
  2.9945      0.512425E-11      0.780639E+02      0.000000E+00      0.571033E+02      0.000000E+00
  2.9985      0.376135E-12      0.104903E+04      0.000000E+00      0.151619E+04      0.000000E+00
  3.0025      0.104354E-11      0.371288E+03      0.000000E+00      0.619726E+03      0.000000E+00
  3.0065      0.695914E-11      0.553369E+02      0.000000E+00      0.541421E+02      0.000000E+00
  3.0105      0.179394E-10      0.212093E+02      0.000000E+00      0.136540E+02      0.000000E+00
  3.0145      0.337854E-10      0.110219E+02      0.000000E+00      0.141611E+02      0.000000E+00
  3.0185      0.542844E-10      0.679557E+01      0.000000E+00      0.117756E+02      0.000000E+00
  3.0225      0.792102E-10      0.461029E+01      0.000000E+00      0.539768E+01      0.000000E+00
  3.0264      0.108325E-09      0.329344E+01      0.000000E+00      0.205404E+01      0.000000E+00
  3.0304      0.141380E-09      0.248949E+01      0.000000E+00      0.272013E+01      0.000000E+00
  3.0344      0.178117E-09      0.195911E+01      0.000000E+00      0.338960E+01      0.000000E+00
  3.0384      0.218269E-09      0.156093E+01      0.000000E+00      0.216474E+01      0.000000E+00
  3.0424      0.261562E-09      0.127909E+01      0.000000E+00      0.857995E+00      0.000000E+00
  3.0464      0.307715E-09      0.107939E+01      0.000000E+00      0.972893E+00      0.000000E+00
  3.0504      0.356444E-09      0.911352E+00      0.000000E+00      0.152820E+01      0.000000E+00
  3.0544      0.407460E-09      0.779687E+00      0.000000E+00      0.123637E+01      0.000000E+00
  3.0584      0.460471E-09      0.685276E+00      0.000000E+00      0.536146E+00      0.000000E+00
  3.0624      0.515185E-09      0.600832E+00      0.000000E+00      0.450763E+00      0.000000E+00
  3.0663      0.571308E-09      0.527812E+00      0.000000E+00      0.823010E+00      0.000000E+00
  3.0703      0.628549E-09      0.475988E+00      0.000000E+00      0.820768E+00      0.000000E+00
  3.0743      0.686617E-09      0.429382E+00      0.000000E+00      0.411612E+00      0.000000E+00
  3.0783      0.745225E-09      0.384847E+00      0.000000E+00      0.252933E+00      0.000000E+00
  3.0823      0.804090E-09      0.353429E+00      0.000000E+00      0.484846E+00      0.000000E+00
  3.0863      0.862934E-09      0.326303E+00      0.000000E+00      0.588068E+00      0.000000E+00
  3.0903      0.921486E-09      0.297221E+00      0.000000E+00      0.351896E+00      0.000000E+00
  3.0943      0.979479E-09      0.276264E+00      0.000000E+00      0.174193E+00      0.000000E+00
  3.0983      0.103666E-08      0.260103E+00      0.000000E+00      0.302540E+00      0.000000E+00
  3.1023      0.109277E-08      0.240777E+00      0.000000E+00      0.439024E+00      0.000000E+00
  3.1062      0.114758E-08      0.225974E+00      0.000000E+00      0.317038E+00      0.000000E+00
  3.1102      0.120086E-08      0.216450E+00      0.000000E+00      0.147760E+00      0.000000E+00
  3.1142      0.125239E-08      0.203952E+00      0.000000E+00      0.200703E+00      0.000000E+00
  3.1182      0.130196E-08      0.193361E+00      0.000000E+00      0.337155E+00      0.000000E+00
  3.1222      0.134938E-08      0.188166E+00      0.000000E+00      0.294131E+00      0.000000E+00
  3.1262      0.139447E-08      0.180622E+00      0.000000E+00      0.148179E+00      0.000000E+00
  3.1302      0.143705E-08      0.172913E+00      0.000000E+00      0.147215E+00      0.000000E+00
  3.1342      0.147697E-08      0.170596E+00      0.000000E+00      0.266296E+00      0.000000E+00
  3.1382      0.151409E-08      0.167218E+00      0.000000E+00      0.277841E+00      0.000000E+00
  3.1421      0.154828E-08      0.162246E+00      0.000000E+00      0.163810E+00      0.000000E+00
  3.1461      0.157943E-08      0.162331E+00      0.000000E+00      0.127058E+00      0.000000E+00
  3.1501      0.160744E-08      0.162791E+00      0.000000E+00      0.220307E+00      0.000000E+00
  3.1541      0.163222E-08      0.160653E+00      0.000000E+00      0.268336E+00      0.000000E+00
  3.1581      0.165370E-08      0.163017E+00      0.000000E+00      0.191287E+00      0.000000E+00
  3.1621      0.167182E-08      0.167478E+00      0.000000E+00      0.134809E+00      0.000000E+00
  3.1661      0.168655E-08      0.168903E+00      0.000000E+00      0.198914E+00      0.000000E+00
  3.1701      0.169785E-08      0.174104E+00      0.000000E+00      0.268991E+00      0.000000E+00
  3.1741      0.170572E-08      0.183345E+00      0.000000E+00      0.232150E+00      0.000000E+00
  3.1781      0.171015E-08      0.189641E+00      0.000000E+00      0.172045E+00      0.000000E+00
  3.1821      0.171116E-08      0.198808E+00      0.000000E+00      0.208244E+00      0.000000E+00
  3.1860      0.170877E-08      0.214518E+00      0.000000E+00      0.288446E+00      0.000000E+00
  3.1900      0.170304E-08      0.228634E+00      0.000000E+00      0.294395E+00      0.000000E+00
  3.1940      0.169400E-08      0.244861E+00      0.000000E+00      0.249904E+00      0.000000E+00
  3.1980      0.168173E-08      0.270619E+00      0.000000E+00      0.266493E+00      0.000000E+00
  3.2020      0.166630E-08      0.297388E+00      0.000000E+00      0.347951E+00      0.000000E+00
  3.2060      0.164781E-08      0.325370E+00      0.000000E+00      0.399179E+00      0.000000E+00
  3.2100      0.162635E-08      0.366722E+00      0.000000E+00      0.396502E+00      0.000000E+00
  3.2140      0.160202E-08      0.414793E+00      0.000000E+00      0.414534E+00      0.000000E+00
  3.2180      0.157496E-08      0.463392E+00      0.000000E+00      0.492570E+00      0.000000E+00
  3.2220      0.154529E-08      0.528154E+00      0.000000E+00      0.587069E+00      0.000000E+00
  3.2259      0.151313E-08      0.608155E+00      0.000000E+00      0.659709E+00      0.000000E+00
  3.2299      0.147864E-08      0.686990E+00      0.000000E+00      0.723122E+00      0.000000E+00
  3.2339      0.144197E-08      0.776206E+00      0.000000E+00      0.798284E+00      0.000000E+00
  3.2379      0.140326E-08      0.884331E+00      0.000000E+00      0.896388E+00      0.000000E+00
  3.2419      0.136269E-08      0.983840E+00      0.000000E+00      0.102686E+01      0.000000E+00
  3.2459      0.132042E-08      0.106560E+01      0.000000E+00      0.115918E+01      0.000000E+00
  3.2499      0.127661E-08      0.114670E+01      0.000000E+00      0.121829E+01      0.000000E+00
  3.2539      0.123145E-08      0.120883E+01      0.000000E+00      0.119611E+01      0.000000E+00
  3.2579      0.118510E-08      0.122543E+01      0.000000E+00      0.120290E+01      0.000000E+00
  3.2619      0.113774E-08      0.121759E+01      0.000000E+00      0.129763E+01      0.000000E+00
  3.2658      0.108956E-08      0.120236E+01      0.000000E+00      0.134799E+01      0.000000E+00
  3.2698      0.104072E-08      0.116113E+01      0.000000E+00      0.122292E+01      0.000000E+00
  3.2738      0.991413E-09      0.110041E+01      0.000000E+00      0.104957E+01      0.000000E+00
  3.2778      0.941811E-09      0.104904E+01      0.000000E+00      0.104973E+01      0.000000E+00
  3.2818      0.892090E-09      0.100159E+01      0.000000E+00      0.115976E+01      0.000000E+00
  3.2858      0.842423E-09      0.946863E+00      0.000000E+00      0.110642E+01      0.000000E+00
  3.2898      0.792979E-09      0.902490E+00      0.000000E+00      0.885111E+00      0.000000E+00
  3.2938      0.743925E-09      0.872703E+00      0.000000E+00      0.812210E+00      0.000000E+00
  3.2978      0.695424E-09      0.842304E+00      0.000000E+00      0.982215E+00      0.000000E+00
  3.3018      0.647632E-09      0.817308E+00      0.000000E+00      0.106006E+01      0.000000E+00
  3.3057      0.600703E-09      0.807697E+00      0.000000E+00      0.854947E+00      0.000000E+00
  3.3097      0.554782E-09      0.802710E+00      0.000000E+00      0.705631E+00      0.000000E+00
  3.3137      0.510009E-09      0.800340E+00      0.000000E+00      0.910380E+00      0.000000E+00
  3.3177      0.466520E-09      0.811142E+00      0.000000E+00      0.114337E+01      0.000000E+00
  3.3217      0.424439E-09      0.831008E+00      0.000000E+00      0.985322E+00      0.000000E+00
  3.3257      0.383886E-09      0.855112E+00      0.000000E+00      0.733147E+00      0.000000E+00
  3.3297      0.344972E-09      0.892459E+00      0.000000E+00      0.953283E+00      0.000000E+00
  3.3337      0.307801E-09      0.944523E+00      0.000000E+00      0.140866E+01      0.000000E+00
  3.3377      0.272467E-09      0.100719E+01      0.000000E+00      0.135901E+01      0.000000E+00
  3.3417      0.239057E-09      0.108856E+01      0.000000E+00      0.950642E+00      0.000000E+00
  3.3456      0.207649E-09      0.119580E+01      0.000000E+00      0.116287E+01      0.000000E+00
  3.3496      0.178311E-09      0.133018E+01      0.000000E+00      0.203166E+01      0.000000E+00
  3.3536      0.151103E-09      0.150393E+01      0.000000E+00      0.228988E+01      0.000000E+00
  3.3576      0.126076E-09      0.173509E+01      0.000000E+00      0.162656E+01      0.000000E+00
  3.3616      0.103272E-09      0.204270E+01      0.000000E+00      0.177727E+01      0.000000E+00
  3.3656      0.827214E-10      0.246580E+01      0.000000E+00      0.369956E+01      0.000000E+00
  3.3696      0.644493E-10      0.306991E+01      0.000000E+00      0.516216E+01      0.000000E+00
  3.3736      0.484694E-10      0.396526E+01      0.000000E+00      0.417940E+01      0.000000E+00
  3.3776      0.347870E-10      0.538159E+01      0.000000E+00      0.419244E+01      0.000000E+00
  3.3816      0.233987E-10      0.781106E+01      0.000000E+00      0.110210E+02      0.000000E+00
  3.3855      0.142922E-10      0.124895E+02      0.000000E+00      0.225764E+02      0.000000E+00
  3.3895      0.744690E-11      0.234773E+02      0.000000E+00      0.285048E+02      0.000000E+00
  3.3935      0.283385E-11      0.605890E+02      0.000000E+00      0.436556E+02      0.000000E+00
  3.3975      0.416132E-12      0.405119E+03      0.000000E+00      0.515921E+03      0.000000E+00
  3.4015      0.149099E-12      0.111279E+04      0.000000E+00      0.208857E+04      0.000000E+00
  3.4055      0.198065E-11      0.826744E+02      0.000000E+00      0.115863E+03      0.000000E+00
  3.4095      0.585159E-11      0.275722E+02      0.000000E+00      0.197051E+02      0.000000E+00
  3.4135      0.116959E-10      0.136028E+02      0.000000E+00      0.150332E+02      0.000000E+00
  3.4175      0.194413E-10      0.810136E+01      0.000000E+00      0.152001E+02      0.000000E+00
  3.4215      0.290093E-10      0.536894E+01      0.000000E+00      0.858929E+01      0.000000E+00
  3.4254      0.403159E-10      0.381679E+01      0.000000E+00      0.293897E+01      0.000000E+00
  3.4294      0.532718E-10      0.286509E+01      0.000000E+00      0.266234E+01      0.000000E+00
  3.4334      0.677831E-10      0.223308E+01      0.000000E+00      0.403625E+01      0.000000E+00
  3.4374      0.837514E-10      0.178805E+01      0.000000E+00      0.319503E+01      0.000000E+00
  3.4414      0.101074E-09      0.147099E+01      0.000000E+00      0.130397E+01      0.000000E+00
  3.4454      0.119646E-09      0.123545E+01      0.000000E+00      0.956186E+00      0.000000E+00
  3.4494      0.139359E-09      0.105084E+01      0.000000E+00      0.176251E+01      0.000000E+00
  3.4534      0.160101E-09      0.908115E+00      0.000000E+00      0.175626E+01      0.000000E+00
  3.4574      0.181758E-09      0.796540E+00      0.000000E+00      0.841731E+00      0.000000E+00
  3.4614      0.204217E-09      0.703431E+00      0.000000E+00      0.467152E+00      0.000000E+00
  3.4653      0.227361E-09      0.627160E+00      0.000000E+00      0.936890E+00      0.000000E+00
  3.4693      0.251074E-09      0.566187E+00      0.000000E+00      0.114405E+01      0.000000E+00
  3.4733      0.275239E-09      0.513385E+00      0.000000E+00      0.651189E+00      0.000000E+00
  3.4773      0.299740E-09      0.467765E+00      0.000000E+00      0.287834E+00      0.000000E+00
  3.4813      0.324460E-09      0.430903E+00      0.000000E+00      0.549354E+00      0.000000E+00
  3.4853      0.349286E-09      0.398420E+00      0.000000E+00      0.813556E+00      0.000000E+00
  3.4893      0.374104E-09      0.368558E+00      0.000000E+00      0.553696E+00      0.000000E+00
  3.4933      0.398803E-09      0.344128E+00      0.000000E+00      0.218893E+00      0.000000E+00
  3.4973      0.423274E-09      0.323198E+00      0.000000E+00      0.339400E+00      0.000000E+00
  3.5013      0.447412E-09      0.303110E+00      0.000000E+00      0.605009E+00      0.000000E+00
  3.5052      0.471113E-09      0.286041E+00      0.000000E+00      0.494132E+00      0.000000E+00
  3.5092      0.494278E-09      0.271671E+00      0.000000E+00      0.198538E+00      0.000000E+00
  3.5132      0.516812E-09      0.257385E+00      0.000000E+00      0.218145E+00      0.000000E+00
  3.5172      0.538623E-09      0.244923E+00      0.000000E+00      0.459616E+00      0.000000E+00
  3.5212      0.559624E-09      0.235090E+00      0.000000E+00      0.451272E+00      0.000000E+00
  3.5252      0.579733E-09      0.225027E+00      0.000000E+00      0.201832E+00      0.000000E+00
  3.5292      0.598872E-09      0.215438E+00      0.000000E+00      0.147781E+00      0.000000E+00
  3.5332      0.616967E-09      0.208206E+00      0.000000E+00      0.351611E+00      0.000000E+00
  3.5372      0.633954E-09      0.201068E+00      0.000000E+00      0.415914E+00      0.000000E+00
  3.5412      0.649768E-09      0.193708E+00      0.000000E+00      0.217240E+00      0.000000E+00
  3.5451      0.664356E-09      0.188419E+00      0.000000E+00      0.109852E+00      0.000000E+00
  3.5491      0.677665E-09      0.183572E+00      0.000000E+00      0.268223E+00      0.000000E+00
  3.5531      0.689653E-09      0.177834E+00      0.000000E+00      0.383729E+00      0.000000E+00
  3.5571      0.700280E-09      0.173631E+00      0.000000E+00      0.239155E+00      0.000000E+00
  3.5611      0.709513E-09      0.170399E+00      0.000000E+00      0.948969E-01      0.000000E+00
  3.5651      0.717328E-09      0.166125E+00      0.000000E+00      0.202724E+00      0.000000E+00
  3.5691      0.723702E-09      0.162878E+00      0.000000E+00      0.352095E+00      0.000000E+00
  3.5731      0.728622E-09      0.161021E+00      0.000000E+00      0.264038E+00      0.000000E+00
  3.5771      0.732079E-09      0.157993E+00      0.000000E+00      0.977557E-01      0.000000E+00
  3.5811      0.734072E-09      0.155205E+00      0.000000E+00      0.152104E+00      0.000000E+00
  3.5850      0.734602E-09      0.154151E+00      0.000000E+00      0.319964E+00      0.000000E+00
  3.5890      0.733680E-09      0.152345E+00      0.000000E+00      0.289368E+00      0.000000E+00
  3.5930      0.731321E-09      0.150268E+00      0.000000E+00      0.114819E+00      0.000000E+00
  3.5970      0.727543E-09      0.150059E+00      0.000000E+00      0.114749E+00      0.000000E+00
  3.6010      0.722373E-09      0.149410E+00      0.000000E+00      0.287408E+00      0.000000E+00
  3.6050      0.715842E-09      0.147804E+00      0.000000E+00      0.314375E+00      0.000000E+00
  3.6090      0.707985E-09      0.148071E+00      0.000000E+00      0.144739E+00      0.000000E+00
  3.6130      0.698843E-09      0.148592E+00      0.000000E+00      0.903852E-01      0.000000E+00
  3.6170      0.688459E-09      0.147674E+00      0.000000E+00      0.254392E+00      0.000000E+00
  3.6210      0.676884E-09      0.148356E+00      0.000000E+00      0.337953E+00      0.000000E+00
  3.6249      0.664170E-09      0.150061E+00      0.000000E+00      0.186718E+00      0.000000E+00
  3.6289      0.650374E-09      0.150022E+00      0.000000E+00      0.798905E-01      0.000000E+00
  3.6329      0.635556E-09      0.151026E+00      0.000000E+00      0.221955E+00      0.000000E+00
  3.6369      0.619779E-09      0.153904E+00      0.000000E+00      0.360094E+00      0.000000E+00
  3.6409      0.603111E-09      0.155149E+00      0.000000E+00      0.241335E+00      0.000000E+00
  3.6449      0.585619E-09      0.156688E+00      0.000000E+00      0.852870E-01      0.000000E+00
  3.6489      0.567374E-09      0.160749E+00      0.000000E+00      0.191614E+00      0.000000E+00
  3.6529      0.548450E-09      0.163487E+00      0.000000E+00      0.381338E+00      0.000000E+00
  3.6569      0.528922E-09      0.165498E+00      0.000000E+00      0.310535E+00      0.000000E+00
  3.6609      0.508865E-09      0.170427E+00      0.000000E+00      0.109789E+00      0.000000E+00
  3.6648      0.488356E-09      0.174896E+00      0.000000E+00      0.164507E+00      0.000000E+00
  3.6688      0.467473E-09      0.177985E+00      0.000000E+00      0.401267E+00      0.000000E+00
  3.6728      0.446295E-09      0.184311E+00      0.000000E+00      0.397134E+00      0.000000E+00
  3.6768      0.424899E-09      0.191186E+00      0.000000E+00      0.159440E+00      0.000000E+00
  3.6808      0.403363E-09      0.195821E+00      0.000000E+00      0.144736E+00      0.000000E+00
  3.6848      0.381765E-09      0.203758E+00      0.000000E+00      0.422803E+00      0.000000E+00
  3.6888      0.360182E-09      0.213964E+00      0.000000E+00      0.509337E+00      0.000000E+00
  3.6928      0.338689E-09      0.221542E+00      0.000000E+00      0.245866E+00      0.000000E+00
  3.6968      0.317360E-09      0.232156E+00      0.000000E+00      0.138717E+00      0.000000E+00
  3.7008      0.296267E-09      0.246988E+00      0.000000E+00      0.450807E+00      0.000000E+00
  3.7047      0.275482E-09      0.258786E+00      0.000000E+00      0.663375E+00      0.000000E+00
  3.7087      0.255073E-09      0.272712E+00      0.000000E+00      0.391875E+00      0.000000E+00
  3.7127      0.235106E-09      0.293952E+00      0.000000E+00      0.157535E+00      0.000000E+00
  3.7167      0.215643E-09      0.313769E+00      0.000000E+00      0.492251E+00      0.000000E+00
  3.7207      0.196748E-09      0.335260E+00      0.000000E+00      0.891619E+00      0.000000E+00
  3.7247      0.178475E-09      0.367761E+00      0.000000E+00      0.648925E+00      0.000000E+00
  3.7287      0.160881E-09      0.400744E+00      0.000000E+00      0.231432E+00      0.000000E+00
  3.7327      0.144016E-09      0.433565E+00      0.000000E+00      0.567382E+00      0.000000E+00
  3.7367      0.127929E-09      0.483590E+00      0.000000E+00      0.127052E+01      0.000000E+00
  3.7407      0.112662E-09      0.542984E+00      0.000000E+00      0.114082E+01      0.000000E+00
  3.7446      0.982560E-10      0.604728E+00      0.000000E+00      0.434644E+00      0.000000E+00
  3.7486      0.847478E-10      0.694720E+00      0.000000E+00      0.728248E+00      0.000000E+00
  3.7526      0.721695E-10      0.810795E+00      0.000000E+00      0.202666E+01      0.000000E+00
  3.7566      0.605496E-10      0.935603E+00      0.000000E+00      0.227451E+01      0.000000E+00
  3.7606      0.499124E-10      0.111450E+01      0.000000E+00      0.104289E+01      0.000000E+00
  3.7646      0.402781E-10      0.137956E+01      0.000000E+00      0.115463E+01      0.000000E+00
  3.7686      0.316628E-10      0.171593E+01      0.000000E+00      0.403112E+01      0.000000E+00
  3.7726      0.240786E-10      0.222177E+01      0.000000E+00      0.593105E+01      0.000000E+00
  3.7766      0.175332E-10      0.305890E+01      0.000000E+00      0.366665E+01      0.000000E+00
  3.7806      0.120304E-10      0.434154E+01      0.000000E+00      0.308511E+01      0.000000E+00
  3.7845      0.757002E-11      0.667995E+01      0.000000E+00      0.143118E+02      0.000000E+00
  3.7885      0.414766E-11      0.122583E+02      0.000000E+00      0.344718E+02      0.000000E+00
  3.7925      0.175517E-11      0.290108E+02      0.000000E+00      0.438273E+02      0.000000E+00
  3.7965      0.380510E-12      0.131224E+03      0.000000E+00      0.874508E+02      0.000000E+00
  3.8005      0.791223E-14      0.623346E+04      0.000000E+00      0.114845E+05      0.000000E+00
  3.8045      0.617988E-12      0.782604E+02      0.000000E+00      0.226145E+03      0.000000E+00
  3.8085      0.218785E-11      0.216777E+02      0.000000E+00      0.404497E+02      0.000000E+00
  3.8125      0.469126E-11      0.102525E+02      0.000000E+00      0.702105E+01      0.000000E+00
  3.8165      0.809875E-11      0.595910E+01      0.000000E+00      0.928307E+01      0.000000E+00
  3.8205      0.123778E-10      0.377552E+01      0.000000E+00      0.108571E+02      0.000000E+00
  3.8244      0.174931E-10      0.264459E+01      0.000000E+00      0.570115E+01      0.000000E+00
  3.8284      0.234064E-10      0.199253E+01      0.000000E+00      0.154760E+01      0.000000E+00
  3.8324      0.300771E-10      0.152578E+01      0.000000E+00      0.203682E+01      0.000000E+00
  3.8364      0.374623E-10      0.121917E+01      0.000000E+00      0.336919E+01      0.000000E+00
  3.8404      0.455169E-10      0.101648E+01      0.000000E+00      0.240394E+01      0.000000E+00
  3.8444      0.541938E-10      0.840384E+00      0.000000E+00      0.793221E+00      0.000000E+00
  3.8484      0.634444E-10      0.706693E+00      0.000000E+00      0.798231E+00      0.000000E+00
  3.8524      0.732182E-10      0.620481E+00      0.000000E+00      0.159109E+01      0.000000E+00
  3.8564      0.834637E-10      0.542717E+00      0.000000E+00      0.139871E+01      0.000000E+00
  3.8604      0.941284E-10      0.475727E+00      0.000000E+00      0.547313E+00      0.000000E+00
  3.8643      0.105159E-09      0.431640E+00      0.000000E+00      0.409002E+00      0.000000E+00
  3.8683      0.116500E-09      0.389773E+00      0.000000E+00      0.912482E+00      0.000000E+00
  3.8723      0.128099E-09      0.348474E+00      0.000000E+00      0.955508E+00      0.000000E+00
  3.8763      0.139899E-09      0.321849E+00      0.000000E+00      0.439446E+00      0.000000E+00
  3.8803      0.151847E-09      0.299049E+00      0.000000E+00      0.248637E+00      0.000000E+00
  3.8843      0.163888E-09      0.273812E+00      0.000000E+00      0.580566E+00      0.000000E+00
  3.8883      0.175967E-09      0.257061E+00      0.000000E+00      0.715189E+00      0.000000E+00
  3.8923      0.188032E-09      0.243909E+00      0.000000E+00      0.386743E+00      0.000000E+00
  3.8963      0.200028E-09      0.226708E+00      0.000000E+00      0.178356E+00      0.000000E+00
  3.9003      0.211906E-09      0.214070E+00      0.000000E+00      0.396516E+00      0.000000E+00
  3.9042      0.223614E-09      0.206161E+00      0.000000E+00      0.567983E+00      0.000000E+00
  3.9082      0.235103E-09      0.195399E+00      0.000000E+00      0.358427E+00      0.000000E+00
  3.9122      0.246325E-09      0.186684E+00      0.000000E+00      0.147190E+00      0.000000E+00
  3.9162      0.257236E-09      0.182143E+00      0.000000E+00      0.284925E+00      0.000000E+00
  3.9202      0.267791E-09      0.174940E+00      0.000000E+00      0.471719E+00      0.000000E+00
  3.9242      0.277947E-09      0.167779E+00      0.000000E+00      0.346282E+00      0.000000E+00
  3.9282      0.287667E-09      0.164863E+00      0.000000E+00      0.137663E+00      0.000000E+00
  3.9322      0.296910E-09      0.160768E+00      0.000000E+00      0.211790E+00      0.000000E+00
  3.9362      0.305644E-09      0.155521E+00      0.000000E+00      0.402744E+00      0.000000E+00
  3.9402      0.313835E-09      0.153640E+00      0.000000E+00      0.343711E+00      0.000000E+00
  3.9441      0.321453E-09      0.151395E+00      0.000000E+00      0.142446E+00      0.000000E+00
  3.9481      0.328471E-09      0.147294E+00      0.000000E+00      0.162602E+00      0.000000E+00
  3.9521      0.334864E-09      0.146012E+00      0.000000E+00      0.350107E+00      0.000000E+00
  3.9561      0.340610E-09      0.145642E+00      0.000000E+00      0.347551E+00      0.000000E+00
  3.9601      0.345691E-09      0.143292E+00      0.000000E+00      0.158416E+00      0.000000E+00
  3.9641      0.350091E-09      0.142682E+00      0.000000E+00      0.130645E+00      0.000000E+00
  3.9681      0.353796E-09      0.143450E+00      0.000000E+00      0.308729E+00      0.000000E+00
  3.9721      0.356795E-09      0.142238E+00      0.000000E+00      0.357078E+00      0.000000E+00
  3.9761      0.359083E-09      0.141940E+00      0.000000E+00      0.184841E+00      0.000000E+00
  3.9801      0.360654E-09      0.143644E+00      0.000000E+00      0.111795E+00      0.000000E+00
  3.9840      0.361506E-09      0.143808E+00      0.000000E+00      0.273640E+00      0.000000E+00
  3.9880      0.361642E-09      0.143989E+00      0.000000E+00      0.370027E+00      0.000000E+00
  3.9920      0.361065E-09      0.146297E+00      0.000000E+00      0.221599E+00      0.000000E+00
  3.9960      0.359782E-09      0.147617E+00      0.000000E+00      0.105188E+00      0.000000E+00
  4.0000      0.357803E-09      0.148326E+00      0.000000E+00      0.242581E+00      0.000000E+00
