 Time                           M                          M2                          UG 
      0.10000  1    0.00000000    0.00000000    0.00000000    0.00000000    1.00000000    0.00000000
      0.20000  1    0.00000000    0.00000000    0.00000000    0.00000000    1.00000000    0.00000000
      0.30000  1    0.00000000    0.00000000    0.00000000    0.00000000    1.00000000    0.00000000
      0.40000  1    0.00000000    0.00000000    0.00000000    0.00000000    1.00000000    0.00000000
      0.50000  1    0.00000000    0.00000000    0.00000000    0.00000000    1.00000000    0.00000000
      0.60000  1    0.00000000    0.00000000    0.00000000    0.00000000    1.00000000    0.00000000
      0.70000  1    0.00000000    0.00000000    0.00000000    0.00000000    1.00000000    0.00000000
      0.80000  1    0.00000000    0.00000000    0.00000000    0.00000000    0.99999999    0.00000000
      0.90000  1    0.00000000    0.00000000    0.00000000    0.00000000    0.99999999    0.00000000
      1.00000  1    0.00000000    0.00000000    0.00000000    0.00000000    0.99999998    0.00000000
      1.10000  1    0.00000000    0.00000000    0.00000000    0.00000000    0.99999997    0.00000000
      1.20000  1    0.00000000    0.00000000    0.00000000    0.00000000    0.99999996    0.00000000
      1.30000  1    0.00000000    0.00000000    0.00000000    0.00000000    0.99999994    0.00000000
      1.40000  1    0.00000000    0.00000000    0.00000000    0.00000000    0.99999991    0.00000000
      1.50000  1    0.00000000    0.00000000    0.00000000    0.00000000    0.99999987    0.00000000
      1.60000  1    0.00000000    0.00000000    0.00000000    0.00000000    0.99999981    0.00000000
      1.70000  1    0.00000000    0.00000000    0.00000000    0.00000000    0.99999974    0.00000000
      1.80000  1    0.00000000    0.00000000    0.00000000    0.00000000    0.99999965    0.00000000
      1.90000  1    0.00000000    0.00000000    0.00000000    0.00000000    0.99999954    0.00000000
      2.00000  1    0.00000000    0.00000000    0.00000000    0.00000000    0.99999940    0.00000000
      2.10000  1    0.00000000    0.00000000    0.00000000    0.00000000    0.99999922    0.00000000
      2.20000  1    0.00000000    0.00000000    0.00000000    0.00000000    0.99999901    0.00000000
      2.30000  1    0.00000000    0.00000000    0.00000000    0.00000000    0.99999875    0.00000000
      2.40000  1    0.00000000    0.00000000    0.00000000    0.00000000    0.99999844    0.00000000
      2.50000  1    0.00000000    0.00000000    0.00000000    0.00000000    0.99999807    0.00000000
      2.60000  1    0.00000000    0.00000000    0.00000000    0.00000000    0.99999763    0.00000000
      2.70000  1    0.00000000    0.00000000    0.00000000    0.00000000    0.99999712    0.00000000
      2.80000  1    0.00000000    0.00000000    0.00000000    0.00000000    0.99999652    0.00000000
      2.90000  1    0.00000000    0.00000000    0.00000000    0.00000000    0.99999583    0.00000000
      3.00000  1    0.00000000    0.00000000    0.00000000    0.00000000    0.99999504    0.00000000
      3.10000  1    0.00000000    0.00000000    0.00000000    0.00000000    0.99999414    0.00000000
      3.20000  1    0.00000000    0.00000000    0.00000000    0.00000000    0.99999310    0.00000000
      3.30000  1    0.00000000    0.00000000    0.00000000    0.00000000    0.99999193    0.00000000
      3.40000  1    0.00000000    0.00000000    0.00000000    0.00000000    0.99999061    0.00000000
      3.50000  1    0.00000000    0.00000000    0.00000000    0.00000000    0.99998913    0.00000000
      3.60000  1    0.00000000    0.00000000    0.00000000    0.00000000    0.99998746    0.00000000
      3.70000  1    0.00000000    0.00000000    0.00000000    0.00000000    0.99998561    0.00000000
      3.80000  1    0.00000000    0.00000000    0.00000000    0.00000000    0.99998355    0.00000000
      3.90000  1    0.00000000    0.00000000    0.00000000    0.00000000    0.99998127    0.00000000
      4.00000  1    0.00000000    0.00000000    0.00000000    0.00000000    0.99997875    0.00000000
      4.10000  1    0.00000000    0.00000000    0.00000000    0.00000000    0.99997598    0.00000000
      4.20000  1    0.00000000    0.00000000    0.00000000    0.00000000    0.99997294    0.00000000
      4.30000  1    0.00000000    0.00000000    0.00000000    0.00000000    0.99996960    0.00000000
      4.40000  1    0.00000000    0.00000000    0.00000000    0.00000000    0.99996596    0.00000000
      4.50000  1    0.00000000    0.00000000    0.00000000    0.00000000    0.99996200    0.00000000
      4.60000  1    0.00000000    0.00000000    0.00000000    0.00000000    0.99995770    0.00000000
      4.70000  1    0.00000000    0.00000000    0.00000000    0.00000000    0.99995303    0.00000000
      4.80000  1    0.00000000    0.00000000    0.00000000    0.00000000    0.99994799    0.00000000
      4.90000  1    0.00000000    0.00000000    0.00000000    0.00000000    0.99994254    0.00000000
      5.00000  1    0.00000000    0.00000000    0.00000000    0.00000000    0.99993668    0.00000000
      5.10000  1    0.00000000    0.00000000    0.00000000    0.00000000    0.99993037    0.00000000
      5.20000  1    0.00000000    0.00000000    0.00000000    0.00000000    0.99992360    0.00000000
      5.30000  1    0.00000000    0.00000000    0.00000000    0.00000000    0.99991634    0.00000000
      5.40000  1    0.00000000    0.00000000    0.00000000    0.00000000    0.99990859    0.00000000
      5.50000  1    0.00000000    0.00000000    0.00000000    0.00000000    0.99990031    0.00000000
      5.60000  1    0.00000000    0.00000000    0.00000000    0.00000000    0.99989149    0.00000000
      5.70000  1    0.00000000    0.00000000    0.00000000    0.00000000    0.99988209    0.00000000
      5.80000  1    0.00000000    0.00000000    0.00000000    0.00000000    0.99987210    0.00000000
      5.90000  1    0.00000000    0.00000000    0.00000000    0.00000000    0.99986150    0.00000000
      6.00000  1    0.00000000    0.00000000    0.00000000    0.00000000    0.99985026    0.00000000
      6.10000  1    0.00000000    0.00000000    0.00000000    0.00000000    0.99983837    0.00000000
      6.20000  1    0.00000000    0.00000000    0.00000000    0.00000000    0.99982580    0.00000000
      6.30000  1    0.00000000    0.00000000    0.00000000    0.00000000    0.99981253    0.00000000
      6.40000  1    0.00000000    0.00000000    0.00000000    0.00000000    0.99979854    0.00000000
      6.50000  1    0.00000000    0.00000000    0.00000000    0.00000000    0.99978380    0.00000000
      6.60000  1    0.00000000    0.00000000    0.00000000    0.00000000    0.99976828    0.00000000
      6.70000  1    0.00000000    0.00000000    0.00000000    0.00000000    0.99975198    0.00000000
      6.80000  1    0.00000000    0.00000000    0.00000000    0.00000000    0.99973486    0.00000000
      6.90000  1    0.00000000    0.00000000    0.00000000    0.00000000    0.99971692    0.00000000
      7.00000  1    0.00000000    0.00000000    0.00000000    0.00000000    0.99969812    0.00000000
      7.10000  1    0.00000000    0.00000000    0.00000000    0.00000000    0.99967844    0.00000000
      7.20000  1    0.00000000    0.00000000    0.00000000    0.00000000    0.99965786    0.00000000
      7.30000  1    0.00000000    0.00000000    0.00000000    0.00000000    0.99963636    0.00000000
      7.40000  1    0.00000000    0.00000000    0.00000000    0.00000000    0.99961391    0.00000000
      7.50000  1    0.00000000    0.00000000    0.00000000    0.00000000    0.99959051    0.00000000
      7.60000  1    0.00000000    0.00000000    0.00000000    0.00000000    0.99956613    0.00000000
      7.70000  1    0.00000000    0.00000000    0.00000000    0.00000000    0.99954075    0.00000000
      7.80000  1    0.00000000    0.00000000    0.00000000    0.00000000    0.99951435    0.00000000
      7.90000  1    0.00000000    0.00000000    0.00000000    0.00000000    0.99948692    0.00000000
      8.00000  1    0.00000000    0.00000000    0.00000000    0.00000000    0.99945843    0.00000000
      8.10000  1    0.00000000    0.00000000    0.00000000    0.00000000    0.99942886    0.00000000
      8.20000  1    0.00000000    0.00000000    0.00000000    0.00000000    0.99939820    0.00000000
      8.30000  1    0.00000000    0.00000000    0.00000000    0.00000000    0.99936644    0.00000000
      8.40000  1    0.00000000    0.00000000    0.00000000    0.00000000    0.99933356    0.00000000
      8.50000  1    0.00000000    0.00000000    0.00000000    0.00000000    0.99929954    0.00000000
      8.60000  1    0.00000000    0.00000000    0.00000000    0.00000000    0.99926438    0.00000000
      8.70000  1    0.00000000    0.00000000    0.00000000    0.00000000    0.99922804    0.00000000
      8.80000  1    0.00000000    0.00000000    0.00000000    0.00000000    0.99919052    0.00000000
      8.90000  1    0.00000000    0.00000000    0.00000000    0.00000000    0.99915180    0.00000000
      9.00000  1    0.00000000    0.00000000    0.00000000    0.00000000    0.99911188    0.00000000
      9.10000  1    0.00000000    0.00000000    0.00000000    0.00000000    0.99907075    0.00000000
      9.20000  1    0.00000000    0.00000000    0.00000000    0.00000000    0.99902840    0.00000000
      9.30000  1    0.00000000    0.00000000    0.00000000    0.00000000    0.99898481    0.00000000
      9.40000  1    0.00000000    0.00000000    0.00000000    0.00000000    0.99893998    0.00000000
      9.50000  1    0.00000000    0.00000000    0.00000000    0.00000000    0.99889389    0.00000000
      9.60000  1    0.00000000    0.00000000    0.00000000    0.00000000    0.99884655    0.00000000
      9.70000  1    0.00000000    0.00000000    0.00000000    0.00000000    0.99879794    0.00000000
      9.80000  1    0.00000000    0.00000000    0.00000000    0.00000000    0.99874807    0.00000000
      9.90000  1    0.00000000    0.00000000    0.00000000    0.00000000    0.99869693    0.00000000
     10.00000  1    0.00000000    0.00000000    0.00000000    0.00000000    0.99864453    0.00000000
     10.10000  1    0.00000000    0.00000000    0.00000000    0.00000000    0.99859086    0.00000000
     10.20000  1    0.00000000    0.00000000    0.00000000    0.00000000    0.99853590    0.00000000
     10.30000  1    0.00000000    0.00000000    0.00000000    0.00000000    0.99847967    0.00000000
     10.40000  1    0.00000000    0.00000000    0.00000000    0.00000000    0.99842217    0.00000000
     10.50000  1    0.00000000    0.00000000    0.00000000    0.00000000    0.99836341    0.00000000
     10.60000  1    0.00000000    0.00000000    0.00000000    0.00000000    0.99830339    0.00000000
     10.70000  1    0.00000000    0.00000000    0.00000000    0.00000000    0.99824212    0.00000000
     10.80000  1    0.00000000    0.00000000    0.00000000    0.00000000    0.99817962    0.00000000
     10.90000  1    0.00000000    0.00000000    0.00000000    0.00000000    0.99811587    0.00000000
     11.00000  1    0.00000000    0.00000000    0.00000000    0.00000000    0.99805090    0.00000000
     11.10000  1    0.00000000    0.00000000    0.00000000    0.00000000    0.99798471    0.00000000
     11.20000  1    0.00000000    0.00000000    0.00000000    0.00000000    0.99791731    0.00000000
     11.30000  1    0.00000000    0.00000000    0.00000000    0.00000000    0.99784874    0.00000000
     11.40000  1    0.00000000    0.00000000    0.00000000    0.00000000    0.99777900    0.00000000
     11.50000  1    0.00000000    0.00000000    0.00000000    0.00000000    0.99770812    0.00000000
     11.60000  1    0.00000000    0.00000000    0.00000000    0.00000000    0.99763610    0.00000000
     11.70000  1    0.00000000    0.00000000    0.00000000    0.00000000    0.99756297    0.00000000
     11.80000  1    0.00000000    0.00000000    0.00000000    0.00000000    0.99748872    0.00000000
     11.90000  1    0.00000000    0.00000000    0.00000000    0.00000000    0.99741340    0.00000000
     12.00000  1    0.00000000    0.00000000    0.00000000    0.00000000    0.99733703    0.00000000
     12.10000  1    0.00000000    0.00000000    0.00000000    0.00000000    0.99725964    0.00000000
     12.20000  1    0.00000000    0.00000000    0.00000000    0.00000000    0.99718126    0.00000000
     12.30000  1    0.00000000    0.00000000    0.00000000    0.00000000    0.99710190    0.00000000
     12.40000  1    0.00000000    0.00000000    0.00000000    0.00000000    0.99702160    0.00000000
     12.50000  1    0.00000000    0.00000000    0.00000000    0.00000000    0.99694037    0.00000000
     12.60000  1    0.00000000    0.00000000    0.00000000    0.00000000    0.99685824    0.00000000
     12.70000  1    0.00000000    0.00000000    0.00000000    0.00000000    0.99677525    0.00000000
     12.80000  1    0.00000000    0.00000000    0.00000000    0.00000000    0.99669144    0.00000000
     12.90000  1    0.00000000    0.00000000    0.00000000    0.00000000    0.99660684    0.00000000
     13.00000  1    0.00000000    0.00000000    0.00000000    0.00000000    0.99652150    0.00000000
     13.10000  1    0.00000000    0.00000000    0.00000000    0.00000000    0.99643544    0.00000000
     13.20000  1    0.00000000    0.00000000    0.00000000    0.00000000    0.99634869    0.00000000
     13.30000  1    0.00000000    0.00000000    0.00000000    0.00000000    0.99626127    0.00000000
     13.40000  1    0.00000000    0.00000000    0.00000000    0.00000000    0.99617324    0.00000000
     13.50000  1    0.00000000    0.00000000    0.00000000    0.00000000    0.99608464    0.00000000
     13.60000  1    0.00000000    0.00000000    0.00000000    0.00000000    0.99599551    0.00000000
     13.70000  1    0.00000000    0.00000000    0.00000000    0.00000000    0.99590589    0.00000000
     13.80000  1    0.00000000    0.00000000    0.00000000    0.00000000    0.99581583    0.00000000
     13.90000  1    0.00000000    0.00000000    0.00000000    0.00000000    0.99572535    0.00000000
     14.00000  1    0.00000000    0.00000000    0.00000000    0.00000000    0.99563450    0.00000000
     14.10000  1    0.00000000    0.00000000    0.00000000    0.00000000    0.99554332    0.00000000
     14.20000  1    0.00000000    0.00000000    0.00000000    0.00000000    0.99545184    0.00000000
     14.30000  1    0.00000000    0.00000000    0.00000000    0.00000000    0.99536013    0.00000000
     14.40000  1    0.00000000    0.00000000    0.00000000    0.00000000    0.99526824    0.00000000
     14.50000  1    0.00000000    0.00000000    0.00000000    0.00000000    0.99517621    0.00000000
     14.60000  1    0.00000000    0.00000000    0.00000000    0.00000000    0.99508408    0.00000000
     14.70000  1    0.00000000    0.00000000    0.00000000    0.00000000    0.99499187    0.00000000
     14.80000  1    0.00000000    0.00000000    0.00000000    0.00000000    0.99489963    0.00000000
     14.90000  1    0.00000000    0.00000000    0.00000000    0.00000000    0.99480742    0.00000000
     15.00000  1    0.00000000    0.00000000    0.00000000    0.00000000    0.99471528    0.00000000
     15.10000  1    0.00000000    0.00000000    0.00000000    0.00000000    0.99462327    0.00000000
     15.20000  1    0.00000000    0.00000000    0.00000000    0.00000000    0.99453143    0.00000000
     15.30000  1    0.00000000    0.00000000    0.00000000    0.00000000    0.99443980    0.00000000
     15.40000  1    0.00000000    0.00000000    0.00000000    0.00000000    0.99434843    0.00000000
     15.50000  1    0.00000000    0.00000000    0.00000000    0.00000000    0.99425734    0.00000000
     15.60000  1    0.00000000    0.00000000    0.00000000    0.00000000    0.99416658    0.00000000
     15.70000  1    0.00000000    0.00000000    0.00000000    0.00000000    0.99407620    0.00000000
     15.80000  1    0.00000000    0.00000000    0.00000000    0.00000000    0.99398626    0.00000000
     15.90000  1    0.00000000    0.00000000    0.00000000    0.00000000    0.99389681    0.00000000
     16.00000  1    0.00000000    0.00000000    0.00000000    0.00000000    0.99380790    0.00000000
     16.10000  1    0.00000000    0.00000000    0.00000000    0.00000000    0.99371956    0.00000000
     16.20000  1    0.00000000    0.00000000    0.00000000    0.00000000    0.99363182    0.00000000
     16.30000  1    0.00000000    0.00000000    0.00000000    0.00000000    0.99354472    0.00000000
     16.40000  1    0.00000000    0.00000000    0.00000000    0.00000000    0.99345830    0.00000000
     16.50000  1    0.00000000    0.00000000    0.00000000    0.00000000    0.99337262    0.00000000
     16.60000  1    0.00000000    0.00000000    0.00000000    0.00000000    0.99328772    0.00000000
     16.70000  1    0.00000000    0.00000000    0.00000000    0.00000000    0.99320365    0.00000000
     16.80000  1    0.00000000    0.00000000    0.00000000    0.00000000    0.99312044    0.00000000
