 
 # Omega; pulse ft; flux at t= ... 
     #                                     200.00000                           150.00000                           100.00000                            50.00000
 
  0.0100      0.130962E-11      0.161337E+04      0.000000E+00      0.324781E+04      0.000000E+00
  0.0140      0.530375E-11      0.403532E+03      0.000000E+00      0.801763E+03      0.000000E+00
  0.0180      0.129031E-10      0.167896E+03      0.000000E+00      0.327720E+03      0.000000E+00
  0.0220      0.250041E-10      0.877047E+02      0.000000E+00      0.168323E+03      0.000000E+00
  0.0260      0.424378E-10      0.523546E+02      0.000000E+00      0.994128E+02      0.000000E+00
  0.0300      0.659469E-10      0.341759E+02      0.000000E+00      0.648276E+02      0.000000E+00
  0.0339      0.961693E-10      0.237953E+02      0.000000E+00      0.455272E+02      0.000000E+00
  0.0379      0.133624E-09      0.173910E+02     -0.633895E-11      0.337718E+02      0.000000E+00
  0.0419      0.178696E-09      0.131976E+02      0.000000E+00      0.260323E+02      0.000000E+00
  0.0459      0.231631E-09      0.103227E+02     -0.365681E-11      0.205829E+02      0.000000E+00
  0.0499      0.292520E-09      0.828187E+01      0.000000E+00      0.165461E+02      0.000000E+00
  0.0539      0.361294E-09      0.679453E+01      0.000000E+00      0.134648E+02      0.000000E+00
  0.0579      0.437719E-09      0.568758E+01      0.000000E+00      0.110906E+02      0.000000E+00
  0.0619      0.521391E-09      0.484778E+01      0.000000E+00      0.927424E+01      0.000000E+00
  0.0659      0.611733E-09      0.419803E+01     -0.138464E-11      0.790803E+01      0.000000E+00
  0.0699      0.708000E-09      0.368516E+01      0.000000E+00      0.689893E+01      0.000000E+00
  0.0738      0.809275E-09      0.327304E+01      0.000000E+00      0.615931E+01      0.000000E+00
  0.0778      0.914481E-09      0.293785E+01      0.000000E+00      0.560791E+01      0.000000E+00
  0.0818      0.102238E-08      0.266406E+01      0.000000E+00      0.517499E+01      0.000000E+00
  0.0858      0.113161E-08      0.244104E+01      0.000000E+00      0.480788E+01      0.000000E+00
  0.0898      0.124064E-08      0.226050E+01      0.000000E+00      0.447412E+01      0.000000E+00
  0.0938      0.134785E-08      0.211506E+01      0.000000E+00      0.416103E+01      0.000000E+00
  0.0978      0.145153E-08      0.199791E+01      0.000000E+00      0.387173E+01      0.000000E+00
  0.1018      0.154987E-08      0.190324E+01      0.000000E+00      0.361877E+01      0.000000E+00
  0.1058      0.164103E-08      0.182689E+01      0.000000E+00      0.341691E+01      0.000000E+00
  0.1098      0.172315E-08      0.176666E+01      0.000000E+00      0.327676E+01      0.000000E+00
  0.1137      0.179436E-08      0.172204E+01      0.000000E+00      0.320077E+01      0.000000E+00
  0.1177      0.185286E-08      0.169351E+01      0.000000E+00      0.318224E+01      0.000000E+00
  0.1217      0.189692E-08      0.168172E+01      0.000000E+00      0.320727E+01      0.000000E+00
  0.1257      0.192494E-08      0.168686E+01      0.000000E+00      0.325894E+01      0.000000E+00
  0.1297      0.193547E-08      0.170875E+01      0.000000E+00      0.332251E+01      0.000000E+00
  0.1337      0.192730E-08      0.174741E+01     -0.439491E-12      0.339024E+01      0.000000E+00
  0.1377      0.189949E-08      0.180396E+01      0.000000E+00      0.346463E+01      0.000000E+00
  0.1417      0.185139E-08      0.188158E+01      0.000000E+00      0.355960E+01      0.000000E+00
  0.1457      0.178276E-08      0.198601E+01      0.000000E+00      0.369926E+01      0.000000E+00
  0.1497      0.169379E-08      0.212588E+01      0.000000E+00      0.391533E+01      0.000000E+00
  0.1536      0.158517E-08      0.231301E+01      0.000000E+00      0.424418E+01      0.000000E+00
  0.1576      0.145817E-08      0.256339E+01      0.000000E+00      0.472545E+01      0.000000E+00
  0.1616      0.131468E-08      0.290006E+01      0.000000E+00      0.540438E+01      0.000000E+00
  0.1656      0.115732E-08      0.335923E+01      0.000000E+00      0.634112E+01      0.000000E+00
  0.1696      0.989511E-09      0.400284E+01      0.000000E+00      0.763268E+01      0.000000E+00
  0.1736      0.815519E-09      0.494442E+01      0.000000E+00      0.946039E+01      0.000000E+00
  0.1776      0.640573E-09      0.640772E+01      0.000000E+00      0.121977E+02      0.000000E+00
  0.1816      0.470930E-09      0.887915E+01      0.000000E+00      0.166880E+02      0.000000E+00
  0.1856      0.313970E-09      0.135848E+02      0.000000E+00      0.251072E+02      0.000000E+00
  0.1896      0.178281E-09      0.244315E+02      0.000000E+00      0.444639E+02      0.000000E+00
  0.1935      0.737502E-10      0.603392E+02      0.000000E+00      0.108855E+03      0.000000E+00
  0.1975      0.116570E-10      0.389865E+03      0.000000E+00      0.703848E+03      0.000000E+00
  0.2015      0.476852E-11      0.972482E+03      0.000000E+00      0.177224E+04      0.000000E+00
  0.2055      0.674356E-10      0.701222E+02      0.000000E+00      0.129566E+03      0.000000E+00
  0.2095      0.215691E-09      0.223578E+02      0.000000E+00      0.418246E+02      0.000000E+00
  0.2135      0.467347E-09      0.105326E+02      0.000000E+00      0.198167E+02      0.000000E+00
  0.2175      0.842101E-09      0.597464E+01     -0.100586E-11      0.112018E+02      0.000000E+00
  0.2215      0.136163E-08      0.378095E+01      0.000000E+00      0.700455E+01      0.000000E+00
  0.2255      0.204970E-08      0.257103E+01      0.000000E+00      0.468466E+01      0.000000E+00
  0.2295      0.293226E-08      0.183879E+01      0.000000E+00      0.329816E+01      0.000000E+00
  0.2334      0.403756E-08      0.136519E+01      0.000000E+00      0.242487E+01      0.000000E+00
  0.2374      0.539623E-08      0.104370E+01      0.000000E+00      0.185173E+01      0.000000E+00
  0.2414      0.704141E-08      0.817489E+00     -0.120293E-12      0.146024E+01      0.000000E+00
  0.2454      0.900884E-08      0.653771E+00      0.000000E+00      0.118069E+01      0.000000E+00
  0.2494      0.113370E-07      0.532322E+00     -0.747143E-13      0.971315E+00      0.000000E+00
  0.2534      0.140670E-07      0.440067E+00      0.000000E+00      0.807377E+00      0.000000E+00
  0.2574      0.172431E-07      0.368361E+00      0.000000E+00      0.674796E+00      0.000000E+00
  0.2614      0.209125E-07      0.311481E+00      0.000000E+00      0.565913E+00      0.000000E+00
  0.2654      0.251253E-07      0.265664E+00     -0.337123E-13      0.476572E+00      0.000000E+00
  0.2694      0.299351E-07      0.228406E+00      0.000000E+00      0.404161E+00      0.000000E+00
  0.2733      0.353985E-07      0.197946E+00      0.000000E+00      0.346440E+00      0.000000E+00
  0.2773      0.415757E-07      0.172933E+00     -0.203732E-13      0.301009E+00      0.000000E+00
  0.2813      0.485303E-07      0.152243E+00     -0.174537E-13      0.265252E+00      0.000000E+00
  0.2853      0.563294E-07      0.134930E+00      0.000000E+00      0.236549E+00      0.000000E+00
  0.2893      0.650438E-07      0.120234E+00      0.000000E+00      0.212590E+00      0.000000E+00
  0.2933      0.747479E-07      0.107599E+00      0.000000E+00      0.191632E+00      0.000000E+00
  0.2973      0.855201E-07      0.966554E-01      0.000000E+00      0.172609E+00      0.000000E+00
  0.3013      0.974425E-07      0.871696E-01     -0.869264E-14      0.155092E+00      0.000000E+00
  0.3053      0.110601E-06      0.789744E-01      0.000000E+00      0.139104E+00      0.000000E+00
  0.3093      0.125086E-06      0.719115E-01      0.000000E+00      0.124887E+00      0.000000E+00
  0.3132      0.140991E-06      0.658062E-01      0.000000E+00      0.112668E+00      0.000000E+00
  0.3172      0.158415E-06      0.604749E-01      0.000000E+00      0.102501E+00      0.000000E+00
  0.3212      0.177460E-06      0.557538E-01      0.000000E+00      0.942110E-01      0.000000E+00
  0.3252      0.198233E-06      0.515237E-01      0.000000E+00      0.874207E-01      0.000000E+00
  0.3292      0.220843E-06      0.477186E-01      0.000000E+00      0.816573E-01      0.000000E+00
  0.3332      0.245407E-06      0.443115E-01      0.000000E+00      0.764711E-01      0.000000E+00
  0.3372      0.272044E-06      0.412882E-01      0.000000E+00      0.715374E-01      0.000000E+00
  0.3412      0.300876E-06      0.386236E-01      0.000000E+00      0.667079E-01      0.000000E+00
  0.3452      0.332033E-06      0.362713E-01      0.000000E+00      0.620042E-01      0.000000E+00
  0.3492      0.365646E-06      0.341706E-01      0.000000E+00      0.575626E-01      0.000000E+00
  0.3531      0.401851E-06      0.322637E-01      0.000000E+00      0.535548E-01      0.000000E+00
  0.3571      0.440790E-06      0.305122E-01      0.000000E+00      0.501112E-01      0.000000E+00
  0.3611      0.482608E-06      0.289025E-01      0.000000E+00      0.472706E-01      0.000000E+00
  0.3651      0.527454E-06      0.274394E-01      0.000000E+00      0.449676E-01      0.000000E+00
  0.3691      0.575481E-06      0.261306E-01      0.000000E+00      0.430575E-01      0.000000E+00
  0.3731      0.626847E-06      0.249734E-01      0.000000E+00      0.413633E-01      0.000000E+00
  0.3771      0.681714E-06      0.239493E-01      0.000000E+00      0.397301E-01      0.000000E+00
  0.3811      0.740249E-06      0.230295E-01      0.000000E+00      0.380655E-01      0.000000E+00
  0.3851      0.802620E-06      0.221865E-01     -0.105534E-14      0.363567E-01      0.000000E+00
  0.3891      0.869002E-06      0.214056E-01      0.000000E+00      0.346597E-01      0.000000E+00
  0.3930      0.939572E-06      0.206872E-01      0.000000E+00      0.330690E-01      0.000000E+00
  0.3970      0.101451E-05      0.200418E-01     -0.417458E-15      0.316777E-01      0.000000E+00
  0.4010      0.109401E-05      0.194786E-01      0.000000E+00      0.305434E-01      0.000000E+00
  0.4050      0.117825E-05      0.189969E-01      0.000000E+00      0.296698E-01      0.000000E+00
  0.4090      0.126742E-05      0.185844E-01      0.000000E+00      0.290090E-01      0.000000E+00
  0.4130      0.136172E-05      0.182246E-01      0.000000E+00      0.284812E-01      0.000000E+00
  0.4170      0.146136E-05      0.179079E-01      0.000000E+00      0.280043E-01      0.000000E+00
  0.4210      0.156652E-05      0.176390E-01      0.000000E+00      0.275213E-01      0.000000E+00
  0.4250      0.167743E-05      0.174342E-01     -0.252480E-15      0.270176E-01      0.000000E+00
  0.4290      0.179427E-05      0.173085E-01      0.000000E+00      0.265206E-01      0.000000E+00
  0.4329      0.191726E-05      0.172584E-01     -0.220896E-15      0.260835E-01      0.000000E+00
  0.4369      0.204662E-05      0.172502E-01     -0.206934E-15      0.257590E-01      0.000000E+00
  0.4409      0.218256E-05      0.172251E-01      0.000000E+00      0.255727E-01      0.000000E+00
  0.4449      0.232529E-05      0.171226E-01      0.000000E+00      0.255054E-01      0.000000E+00
  0.4489      0.247504E-05      0.169150E-01     -0.171115E-15      0.254926E-01      0.000000E+00
  0.4529      0.263202E-05      0.166377E-01     -0.160910E-15      0.254427E-01      0.000000E+00
  0.4569      0.279644E-05      0.163980E-01      0.000000E+00      0.252691E-01      0.000000E+00
  0.4609      0.296855E-05      0.163485E-01      0.000000E+00      0.249284E-01      0.000000E+00
  0.4649      0.314855E-05      0.166306E-01      0.000000E+00      0.244515E-01      0.000000E+00
  0.4689      0.333666E-05      0.173066E-01      0.000000E+00      0.239561E-01      0.000000E+00
  0.4728      0.353313E-05      0.183132E-01      0.000000E+00      0.236329E-01     -0.119870E-15
  0.4768      0.373816E-05      0.194681E-01      0.000000E+00      0.237030E-01      0.000000E+00
  0.4808      0.395198E-05      0.205470E-01      0.000000E+00      0.243516E-01      0.000000E+00
  0.4848      0.417482E-05      0.214139E-01     -0.101446E-15      0.256513E-01      0.000000E+00
  0.4888      0.440689E-05      0.221572E-01      0.000000E+00      0.274924E-01      0.000000E+00
  0.4928      0.464842E-05      0.231587E-01      0.000000E+00      0.295427E-01      0.000000E+00
  0.4968      0.489963E-05      0.250237E-01      0.000000E+00      0.312576E-01      0.000000E+00
  0.5008      0.516073E-05      0.283433E-01      0.000000E+00      0.319573E-01      0.000000E+00
  0.5048      0.543195E-05      0.333295E-01      0.000000E+00      0.309810E-01      0.000000E+00
  0.5088      0.571349E-05      0.394504E-01      0.000000E+00      0.279169E-01      0.000000E+00
  0.5127      0.600558E-05      0.452660E-01      0.000000E+00      0.228906E-01      0.000000E+00
  0.5167      0.630841E-05      0.486730E-01      0.000000E+00      0.168849E-01      0.000000E+00
  0.5207      0.662220E-05      0.477057E-01      0.000000E+00      0.120438E-01      0.000000E+00
  0.5247      0.694715E-05      0.418787E-01      0.000000E+00      0.119080E-01      0.000000E+00
  0.5287      0.728344E-05      0.338428E-01      0.000000E+00      0.215227E-01      0.000000E+00
  0.5327      0.763129E-05      0.309140E-01      0.000000E+00      0.473589E-01      0.000000E+00
  0.5367      0.799088E-05      0.458997E-01      0.000000E+00      0.970109E-01      0.000000E+00
  0.5407      0.836240E-05      0.966709E-01      0.000000E+00      0.178648E+00      0.000000E+00
  0.5447      0.874601E-05      0.204144E+00      0.000000E+00      0.300241E+00      0.000000E+00
  0.5487      0.914191E-05      0.388726E+00      0.000000E+00      0.468615E+00     -0.463269E-16
  0.5526      0.955026E-05      0.665746E+00     -0.443461E-16      0.688426E+00      0.000000E+00
  0.5566      0.997121E-05      0.104084E+01      0.000000E+00      0.961190E+00      0.000000E+00
  0.5606      0.104049E-04      0.150645E+01      0.000000E+00      0.128450E+01      0.000000E+00
  0.5646      0.108516E-04      0.204056E+01      0.000000E+00      0.165157E+01      0.000000E+00
  0.5686      0.113113E-04      0.260837E+01      0.000000E+00      0.205126E+01      0.000000E+00
  0.5726      0.117842E-04      0.316692E+01      0.000000E+00      0.246857E+01      0.000000E+00
  0.5766      0.122704E-04      0.367180E+01      0.000000E+00      0.288567E+01     -0.345154E-16
  0.5806      0.127700E-04      0.408476E+01      0.000000E+00      0.328339E+01     -0.331649E-16
  0.5846      0.132832E-04      0.438033E+01      0.000000E+00      0.364295E+01      0.000000E+00
  0.5886      0.138100E-04      0.454984E+01      0.000000E+00      0.394782E+01      0.000000E+00
  0.5925      0.143506E-04      0.460209E+01      0.000000E+00      0.418541E+01      0.000000E+00
  0.5965      0.149050E-04      0.456027E+01      0.000000E+00      0.434837E+01      0.000000E+00
  0.6005      0.154733E-04      0.445619E+01     -0.273707E-16      0.443530E+01      0.000000E+00
  0.6045      0.160556E-04      0.432313E+01      0.000000E+00      0.445083E+01      0.000000E+00
  0.6085      0.166519E-04      0.418929E+01      0.000000E+00      0.440494E+01      0.000000E+00
  0.6125      0.172622E-04      0.407324E+01      0.000000E+00      0.431162E+01      0.000000E+00
  0.6165      0.178866E-04      0.398237E+01      0.000000E+00      0.418715E+01      0.000000E+00
  0.6205      0.185252E-04      0.391430E+01      0.000000E+00      0.404812E+01      0.000000E+00
  0.6245      0.191778E-04      0.386039E+01      0.000000E+00      0.390953E+01     -0.220837E-16
  0.6285      0.198446E-04      0.381023E+01      0.000000E+00      0.378321E+01      0.000000E+00
  0.6324      0.205254E-04      0.375544E+01      0.000000E+00      0.367680E+01      0.000000E+00
  0.6364      0.212203E-04      0.369202E+01      0.000000E+00      0.359338E+01      0.000000E+00
  0.6404      0.219293E-04      0.362069E+01      0.000000E+00      0.353177E+01      0.000000E+00
  0.6444      0.226522E-04      0.354554E+01      0.000000E+00      0.348741E+01      0.000000E+00
  0.6484      0.233891E-04      0.347183E+01      0.000000E+00      0.345367E+01      0.000000E+00
  0.6524      0.241398E-04      0.340377E+01      0.000000E+00      0.342327E+01      0.000000E+00
  0.6564      0.249042E-04      0.334316E+01      0.000000E+00      0.338970E+01      0.000000E+00
  0.6604      0.256823E-04      0.328918E+01      0.000000E+00      0.334822E+01      0.000000E+00
  0.6644      0.264740E-04      0.323915E+01      0.000000E+00      0.329657E+01      0.000000E+00
  0.6684      0.272790E-04      0.318991E+01     -0.155254E-16      0.323498E+01      0.000000E+00
  0.6723      0.280973E-04      0.313911E+01      0.000000E+00      0.316586E+01      0.000000E+00
  0.6763      0.289286E-04      0.308591E+01     -0.146400E-16      0.309304E+01      0.000000E+00
  0.6803      0.297729E-04      0.303097E+01     -0.142249E-16      0.302084E+01      0.000000E+00
  0.6843      0.306300E-04      0.297585E+01      0.000000E+00      0.295315E+01      0.000000E+00
  0.6883      0.314995E-04      0.292214E+01      0.000000E+00      0.289271E+01      0.000000E+00
  0.6923      0.323814E-04      0.287076E+01     -0.130790E-16      0.284066E+01      0.000000E+00
  0.6963      0.332754E-04      0.282172E+01      0.000000E+00      0.279650E+01      0.000000E+00
  0.7003      0.341813E-04      0.277430E+01      0.000000E+00      0.275836E+01      0.000000E+00
  0.7043      0.350987E-04      0.272760E+01      0.000000E+00      0.272355E+01      0.000000E+00
  0.7083      0.360275E-04      0.268106E+01     -0.117554E-16      0.268916E+01      0.000000E+00
  0.7122      0.369673E-04      0.263474E+01      0.000000E+00      0.265274E+01      0.000000E+00
  0.7162      0.379179E-04      0.258924E+01      0.000000E+00      0.261273E+01      0.000000E+00
  0.7202      0.388789E-04      0.254537E+01      0.000000E+00      0.256871E+01      0.000000E+00
  0.7242      0.398500E-04      0.250363E+01      0.000000E+00      0.252134E+01      0.000000E+00
  0.7282      0.408308E-04      0.246393E+01     -0.103725E-16      0.247214E+01      0.000000E+00
  0.7322      0.418211E-04      0.242555E+01     -0.506343E-17      0.242301E+01      0.000000E+00
  0.7362      0.428204E-04      0.238745E+01      0.000000E+00      0.237580E+01      0.000000E+00
  0.7402      0.438284E-04      0.234873E+01     -0.483153E-17      0.233190E+01      0.000000E+00
  0.7442      0.448447E-04      0.230899E+01      0.000000E+00      0.229196E+01      0.000000E+00
  0.7482      0.458688E-04      0.226856E+01     -0.461660E-17      0.225583E+01      0.000000E+00
  0.7521      0.469004E-04      0.222831E+01     -0.451506E-17      0.222270E+01      0.000000E+00
  0.7561      0.479390E-04      0.218932E+01     -0.441724E-17      0.219131E+01      0.000000E+00
  0.7601      0.489842E-04      0.215240E+01     -0.432299E-17      0.216033E+01      0.000000E+00
  0.7641      0.500355E-04      0.211780E+01      0.000000E+00      0.212865E+01      0.000000E+00
  0.7681      0.510924E-04      0.208511E+01      0.000000E+00      0.209560E+01      0.000000E+00
  0.7721      0.521545E-04      0.205352E+01      0.000000E+00      0.206108E+01      0.000000E+00
  0.7761      0.532213E-04      0.202213E+01     -0.397882E-17      0.202551E+01      0.000000E+00
  0.7801      0.542923E-04      0.199032E+01      0.000000E+00      0.198963E+01      0.000000E+00
  0.7841      0.553669E-04      0.195797E+01      0.000000E+00      0.195433E+01      0.000000E+00
  0.7881      0.564447E-04      0.192544E+01     -0.375161E-17      0.192039E+01      0.000000E+00
  0.7920      0.575250E-04      0.189330E+01     -0.368115E-17      0.188828E+01      0.000000E+00
  0.7960      0.586075E-04      0.186208E+01     -0.361316E-17      0.185810E+01      0.000000E+00
  0.8000      0.596915E-04      0.183204E+01     -0.354755E-17      0.182960E+01      0.000000E+00
  0.8040      0.607764E-04      0.180306E+01     -0.348422E-17      0.180226E+01      0.000000E+00
  0.8080      0.618617E-04      0.177479E+01     -0.171155E-17      0.177548E+01      0.000000E+00
  0.8120      0.629468E-04      0.174686E+01     -0.168204E-17      0.174871E+01      0.000000E+00
  0.8160      0.640312E-04      0.171904E+01     -0.165355E-17      0.172164E+01      0.000000E+00
  0.8200      0.651142E-04      0.169135E+01     -0.162605E-17      0.169418E+01      0.000000E+00
  0.8240      0.661953E-04      0.166404E+01     -0.159950E-17      0.166652E+01      0.000000E+00
  0.8280      0.672738E-04      0.163741E+01     -0.157385E-17      0.163899E+01      0.000000E+00
  0.8319      0.683492E-04      0.161164E+01     -0.154909E-17      0.161199E+01      0.000000E+00
  0.8359      0.694208E-04      0.158672E+01     -0.152518E-17      0.158581E+01      0.000000E+00
  0.8399      0.704880E-04      0.156241E+01     -0.150209E-17      0.156062E+01      0.000000E+00
  0.8439      0.715503E-04      0.153842E+01     -0.147979E-17      0.153638E+01     -0.739893E-18
  0.8479      0.726069E-04      0.151451E+01     -0.145825E-17      0.151291E+01     -0.729126E-18
  0.8519      0.736572E-04      0.149062E+01     -0.143746E-17      0.148994E+01     -0.718729E-18
  0.8559      0.747007E-04      0.146687E+01     -0.141738E-17      0.146719E+01     -0.708689E-18
  0.8599      0.757367E-04      0.144350E+01     -0.139799E-17      0.144450E+01     -0.698995E-18
  0.8639      0.767645E-04      0.142071E+01     -0.137927E-17      0.142182E+01     -0.689636E-18
  0.8679      0.777836E-04      0.139861E+01     -0.136120E-17      0.139927E+01     -0.680601E-18
  0.8718      0.787933E-04      0.137709E+01     -0.134376E-17      0.137702E+01     -0.671879E-18
  0.8758      0.797929E-04      0.135598E+01     -0.132692E-17      0.135529E+01     -0.663462E-18
  0.8798      0.807819E-04      0.133509E+01     -0.131068E-17      0.133423E+01     -0.655339E-18
  0.8838      0.817597E-04      0.131434E+01     -0.129500E-17      0.131386E+01     -0.647502E-18
  0.8878      0.827255E-04      0.129380E+01     -0.127988E-17      0.129409E+01     -0.639942E-18
  0.8918      0.836788E-04      0.127360E+01     -0.126530E-17      0.127472E+01      0.000000E+00
  0.8958      0.846190E-04      0.125393E+01     -0.125125E-17      0.125550E+01      0.000000E+00
  0.8998      0.855454E-04      0.123484E+01     -0.123769E-17      0.123627E+01     -0.123769E-17
  0.9038      0.864575E-04      0.121626E+01     -0.122464E-17      0.121695E+01      0.000000E+00
  0.9078      0.873546E-04      0.119801E+01     -0.121206E-17      0.119761E+01     -0.121206E-17
  0.9117      0.882362E-04      0.117991E+01     -0.119995E-17      0.117846E+01      0.000000E+00
  0.9157      0.891016E-04      0.116185E+01     -0.118830E-17      0.115978E+01      0.000000E+00
  0.9197      0.899504E-04      0.114388E+01     -0.117708E-17      0.114182E+01      0.000000E+00
  0.9237      0.907818E-04      0.112617E+01     -0.116630E-17      0.112474E+01      0.000000E+00
  0.9277      0.915954E-04      0.110889E+01     -0.115594E-17      0.110852E+01      0.000000E+00
  0.9317      0.923905E-04      0.109217E+01     -0.114600E-17      0.109297E+01      0.000000E+00
  0.9357      0.931668E-04      0.107598E+01      0.000000E+00      0.107774E+01      0.000000E+00
  0.9397      0.939235E-04      0.106014E+01      0.000000E+00      0.106245E+01      0.000000E+00
  0.9437      0.946602E-04      0.104446E+01     -0.223704E-17      0.104679E+01      0.000000E+00
  0.9477      0.953764E-04      0.102877E+01      0.000000E+00      0.103061E+01      0.000000E+00
  0.9516      0.960715E-04      0.101310E+01     -0.220417E-17      0.101398E+01      0.000000E+00
  0.9556      0.967451E-04      0.997578E+00      0.000000E+00      0.997218E+00      0.000000E+00
  0.9596      0.973968E-04      0.982442E+00      0.000000E+00      0.980762E+00      0.000000E+00
  0.9636      0.980260E-04      0.967861E+00     -0.216023E-17      0.965088E+00      0.000000E+00
  0.9676      0.986322E-04      0.953859E+00     -0.214695E-17      0.950557E+00      0.000000E+00
  0.9716      0.992152E-04      0.940285E+00      0.000000E+00      0.937299E+00      0.000000E+00
  0.9756      0.997744E-04      0.926888E+00      0.000000E+00      0.925157E+00      0.000000E+00
  0.9796      0.100309E-03      0.913442E+00      0.000000E+00      0.913711E+00      0.000000E+00
  0.9836      0.100820E-03      0.899870E+00      0.000000E+00      0.902382E+00      0.000000E+00
  0.9876      0.101305E-03      0.886290E+00      0.000000E+00      0.890585E+00      0.000000E+00
  0.9915      0.101766E-03      0.872953E+00      0.000000E+00      0.877900E+00      0.000000E+00
  0.9955      0.102200E-03      0.860119E+00      0.000000E+00      0.864201E+00      0.000000E+00
  0.9995      0.102609E-03      0.847911E+00      0.000000E+00      0.849715E+00      0.000000E+00
  1.0035      0.102992E-03      0.836242E+00     -0.205607E-17      0.834973E+00      0.000000E+00
  1.0075      0.103348E-03      0.824849E+00      0.000000E+00      0.820680E+00      0.000000E+00
  1.0115      0.103677E-03      0.813427E+00      0.000000E+00      0.807518E+00      0.000000E+00
  1.0155      0.103979E-03      0.801790E+00     -0.203655E-17      0.795952E+00      0.000000E+00
  1.0195      0.104254E-03      0.789971E+00     -0.406236E-17      0.786077E+00      0.000000E+00
  1.0235      0.104501E-03      0.778221E+00      0.000000E+00      0.777567E+00      0.000000E+00
  1.0275      0.104721E-03      0.766881E+00      0.000000E+00      0.769745E+00      0.000000E+00
  1.0314      0.104913E-03      0.756201E+00      0.000000E+00      0.761755E+00      0.000000E+00
  1.0354      0.105077E-03      0.746203E+00      0.000000E+00      0.752795E+00      0.000000E+00
  1.0394      0.105212E-03      0.736651E+00      0.000000E+00      0.742351E+00      0.000000E+00
  1.0434      0.105320E-03      0.727165E+00      0.000000E+00      0.730368E+00      0.000000E+00
  1.0474      0.105399E-03      0.717417E+00      0.000000E+00      0.717286E+00      0.000000E+00
  1.0514      0.105450E-03      0.707308E+00      0.000000E+00      0.703954E+00      0.000000E+00
  1.0554      0.105472E-03      0.697036E+00      0.000000E+00      0.691402E+00      0.000000E+00
  1.0594      0.105466E-03      0.687006E+00      0.000000E+00      0.680559E+00      0.000000E+00
  1.0634      0.105432E-03      0.677623E+00      0.000000E+00      0.671976E+00      0.000000E+00
  1.0674      0.105369E-03      0.669074E+00     -0.401938E-17      0.665642E+00      0.000000E+00
  1.0713      0.105277E-03      0.661207E+00      0.000000E+00      0.660945E+00      0.000000E+00
  1.0753      0.105157E-03      0.653593E+00      0.000000E+00      0.656812E+00      0.000000E+00
  1.0793      0.105009E-03      0.645738E+00      0.000000E+00      0.651984E+00      0.000000E+00
  1.0833      0.104833E-03      0.637347E+00      0.000000E+00      0.645374E+00      0.000000E+00
  1.0873      0.104628E-03      0.628503E+00      0.000000E+00      0.636389E+00      0.000000E+00
  1.0913      0.104396E-03      0.619655E+00      0.000000E+00      0.625148E+00      0.000000E+00
  1.0953      0.104135E-03      0.611402E+00      0.000000E+00      0.612499E+00      0.000000E+00
  1.0993      0.103847E-03      0.604181E+00      0.000000E+00      0.599832E+00      0.000000E+00
  1.1033      0.103532E-03      0.598010E+00      0.000000E+00      0.588719E+00      0.000000E+00
  1.1073      0.103189E-03      0.592442E+00     -0.410426E-17      0.580469E+00     -0.410426E-17
  1.1112      0.102820E-03      0.586760E+00      0.000000E+00      0.575728E+00      0.000000E+00
  1.1152      0.102424E-03      0.580356E+00      0.000000E+00      0.574223E+00      0.000000E+00
  1.1192      0.102001E-03      0.573079E+00      0.000000E+00      0.574765E+00      0.000000E+00
  1.1232      0.101552E-03      0.565388E+00      0.000000E+00      0.575502E+00      0.000000E+00
  1.1272      0.101077E-03      0.558177E+00      0.000000E+00      0.574407E+00      0.000000E+00
  1.1312      0.100577E-03      0.552343E+00      0.000000E+00      0.569850E+00      0.000000E+00
  1.1352      0.100051E-03      0.548286E+00     -0.423301E-17      0.561135E+00      0.000000E+00
  1.1392      0.995006E-04      0.545608E+00     -0.425642E-17      0.548817E+00      0.000000E+00
  1.1432      0.989258E-04      0.543208E+00      0.000000E+00      0.534704E+00      0.000000E+00
  1.1472      0.983268E-04      0.539785E+00      0.000000E+00      0.521499E+00      0.000000E+00
  1.1511      0.977043E-04      0.534551E+00      0.000000E+00      0.512141E+00     -0.433468E-17
  1.1551      0.970585E-04      0.527810E+00      0.000000E+00      0.508977E+00      0.000000E+00
  1.1591      0.963900E-04      0.521054E+00      0.000000E+00      0.512978E+00      0.000000E+00
  1.1631      0.956991E-04      0.516415E+00     -0.442550E-17      0.523195E+00     -0.442550E-17
  1.1671      0.949864E-04      0.515587E+00      0.000000E+00      0.536629E+00      0.000000E+00
  1.1711      0.942524E-04      0.518609E+00      0.000000E+00      0.548584E+00      0.000000E+00
  1.1751      0.934974E-04      0.523046E+00      0.000000E+00      0.553483E+00     -0.452971E-17
  1.1791      0.927222E-04      0.524020E+00      0.000000E+00      0.545984E+00      0.000000E+00
  1.1831      0.919271E-04      0.515271E+00      0.000000E+00      0.522161E+00      0.000000E+00
  1.1871      0.911127E-04      0.491006E+00     -0.464827E-17      0.480501E+00      0.000000E+00
  1.1910      0.902796E-04      0.447979E+00      0.000000E+00      0.422462E+00      0.000000E+00
  1.1950      0.894283E-04      0.387064E+00     -0.473582E-17      0.352451E+00      0.000000E+00
  1.1990      0.885594E-04      0.313709E+00      0.000000E+00      0.277202E+00      0.000000E+00
  1.2030      0.876735E-04      0.237008E+00      0.000000E+00      0.204649E+00      0.000000E+00
  1.2070      0.867711E-04      0.167604E+00      0.000000E+00      0.142545E+00      0.000000E+00
  1.2110      0.858529E-04      0.115041E+00      0.000000E+00      0.970926E-01      0.000000E+00
  1.2150      0.849194E-04      0.853780E-01      0.000000E+00      0.718871E-01      0.000000E+00
  1.2190      0.839713E-04      0.798141E-01      0.000000E+00      0.673831E-01     -0.504359E-17
  1.2230      0.830092E-04      0.946939E-01      0.000000E+00      0.809924E-01      0.000000E+00
  1.2270      0.820337E-04      0.122848E+00      0.000000E+00      0.107767E+00      0.000000E+00
  1.2309      0.810454E-04      0.155772E+00      0.000000E+00      0.141502E+00      0.000000E+00
  1.2349      0.800449E-04      0.185939E+00      0.000000E+00      0.175992E+00      0.000000E+00
  1.2389      0.790330E-04      0.208538E+00      0.000000E+00      0.206180E+00      0.000000E+00
  1.2429      0.780102E-04      0.222198E+00      0.000000E+00      0.228925E+00      0.000000E+00
  1.2469      0.769772E-04      0.228605E+00      0.000000E+00      0.243277E+00      0.000000E+00
  1.2509      0.759346E-04      0.231274E+00      0.000000E+00      0.250221E+00      0.000000E+00
  1.2549      0.748831E-04      0.233960E+00      0.000000E+00      0.252015E+00     -0.565570E-17
  1.2589      0.738233E-04      0.239246E+00      0.000000E+00      0.251305E+00      0.000000E+00
  1.2629      0.727559E-04      0.247700E+00      0.000000E+00      0.250278E+00      0.000000E+00
  1.2669      0.716815E-04      0.257798E+00      0.000000E+00      0.250061E+00      0.000000E+00
  1.2708      0.706008E-04      0.266535E+00      0.000000E+00      0.250499E+00      0.000000E+00
  1.2748      0.695144E-04      0.270479E+00      0.000000E+00      0.250352E+00     -0.609250E-17
  1.2788      0.684229E-04      0.266916E+00      0.000000E+00      0.247825E+00      0.000000E+00
  1.2828      0.673270E-04      0.254759E+00      0.000000E+00      0.241252E+00      0.000000E+00
  1.2868      0.662274E-04      0.234971E+00      0.000000E+00      0.229744E+00      0.000000E+00
  1.2908      0.651246E-04      0.210400E+00      0.000000E+00      0.213605E+00      0.000000E+00
  1.2948      0.640194E-04      0.185095E+00      0.000000E+00      0.194396E+00      0.000000E+00
  1.2988      0.629122E-04      0.163283E+00      0.000000E+00      0.174643E+00      0.000000E+00
  1.3028      0.618038E-04      0.148299E+00      0.000000E+00      0.157246E+00      0.000000E+00
  1.3068      0.606948E-04      0.141762E+00     -0.697781E-17      0.144781E+00      0.000000E+00
  1.3107      0.595856E-04      0.143232E+00      0.000000E+00      0.138860E+00      0.000000E+00
  1.3147      0.584771E-04      0.150451E+00      0.000000E+00      0.139733E+00      0.000000E+00
  1.3187      0.573697E-04      0.160094E+00     -0.738223E-17      0.146233E+00      0.000000E+00
  1.3227      0.562640E-04      0.168787E+00      0.000000E+00      0.156083E+00      0.000000E+00
  1.3267      0.551607E-04      0.174080E+00     -0.767787E-17      0.166463E+00      0.000000E+00
  1.3307      0.540602E-04      0.175052E+00      0.000000E+00      0.174708E+00      0.000000E+00
  1.3347      0.529632E-04      0.172374E+00     -0.799643E-17      0.178935E+00      0.000000E+00
  1.3387      0.518701E-04      0.167833E+00     -0.816494E-17      0.178444E+00      0.000000E+00
  1.3427      0.507815E-04      0.163523E+00      0.000000E+00      0.173805E+00      0.000000E+00
  1.3467      0.496980E-04      0.161014E+00      0.000000E+00      0.166607E+00      0.000000E+00
  1.3506      0.486201E-04      0.160816E+00      0.000000E+00      0.158962E+00      0.000000E+00
  1.3546      0.475482E-04      0.162315E+00     -0.890710E-17      0.152897E+00      0.000000E+00
  1.3586      0.464828E-04      0.164158E+00      0.000000E+00      0.149802E+00      0.000000E+00
  1.3626      0.454245E-04      0.164911E+00      0.000000E+00      0.150093E+00      0.000000E+00
  1.3666      0.443737E-04      0.163679E+00      0.000000E+00      0.153146E+00      0.000000E+00
  1.3706      0.433308E-04      0.160440E+00      0.000000E+00      0.157535E+00      0.000000E+00
  1.3746      0.422964E-04      0.155976E+00      0.000000E+00      0.161476E+00      0.000000E+00
  1.3786      0.412707E-04      0.151466E+00      0.000000E+00      0.163349E+00      0.000000E+00
  1.3826      0.402543E-04      0.147935E+00      0.000000E+00      0.162163E+00      0.000000E+00
  1.3866      0.392475E-04      0.145834E+00      0.000000E+00      0.157809E+00      0.000000E+00
  1.3905      0.382508E-04      0.144913E+00     -0.221442E-16      0.151066E+00      0.000000E+00
  1.3945      0.372644E-04      0.144413E+00      0.000000E+00      0.143351E+00      0.000000E+00
  1.3985      0.362888E-04      0.143488E+00      0.000000E+00      0.136299E+00      0.000000E+00
  1.4025      0.353243E-04      0.141605E+00      0.000000E+00      0.131289E+00      0.000000E+00
  1.4065      0.343713E-04      0.138777E+00      0.000000E+00      0.129070E+00      0.000000E+00
  1.4105      0.334300E-04      0.135495E+00      0.000000E+00      0.129569E+00      0.000000E+00
  1.4145      0.325007E-04      0.132453E+00      0.000000E+00      0.131946E+00      0.000000E+00
  1.4185      0.315838E-04      0.130182E+00      0.000000E+00      0.134862E+00      0.000000E+00
  1.4225      0.306794E-04      0.128806E+00      0.000000E+00      0.136887E+00      0.000000E+00
  1.4265      0.297880E-04      0.128010E+00      0.000000E+00      0.136913E+00      0.000000E+00
  1.4304      0.289096E-04      0.127231E+00      0.000000E+00      0.134468E+00      0.000000E+00
  1.4344      0.280446E-04      0.125957E+00     -0.302031E-16      0.129827E+00      0.000000E+00
  1.4384      0.271930E-04      0.123983E+00     -0.311489E-16      0.123915E+00      0.000000E+00
  1.4424      0.263553E-04      0.121491E+00      0.000000E+00      0.118007E+00      0.000000E+00
  1.4464      0.255314E-04      0.118929E+00      0.000000E+00      0.113348E+00      0.000000E+00
  1.4504      0.247216E-04      0.116762E+00      0.000000E+00      0.110787E+00      0.000000E+00
  1.4544      0.239260E-04      0.115234E+00      0.000000E+00      0.110533E+00      0.000000E+00
  1.4584      0.231448E-04      0.114252E+00      0.000000E+00      0.112114E+00      0.000000E+00
  1.4624      0.223781E-04      0.113458E+00      0.000000E+00      0.114529E+00      0.000000E+00
  1.4664      0.216260E-04      0.112431E+00      0.000000E+00      0.116563E+00      0.000000E+00
  1.4703      0.208885E-04      0.110914E+00      0.000000E+00      0.117151E+00      0.000000E+00
  1.4743      0.201659E-04      0.108942E+00     -0.420033E-16      0.115694E+00      0.000000E+00
  1.4783      0.194580E-04      0.106806E+00      0.000000E+00      0.112230E+00      0.000000E+00
  1.4823      0.187651E-04      0.104889E+00      0.000000E+00      0.107411E+00      0.000000E+00
  1.4863      0.180870E-04      0.103455E+00      0.000000E+00      0.102294E+00      0.000000E+00
  1.4903      0.174240E-04      0.102507E+00      0.000000E+00      0.980181E-01      0.000000E+00
  1.4943      0.167758E-04      0.101795E+00      0.000000E+00      0.954578E-01      0.000000E+00
  1.4983      0.161427E-04      0.100960E+00      0.000000E+00      0.949608E-01      0.000000E+00
  1.5023      0.155244E-04      0.997318E-01      0.000000E+00      0.962484E-01      0.000000E+00
  1.5063      0.149211E-04      0.980723E-01      0.000000E+00      0.985065E-01      0.000000E+00
  1.5102      0.143327E-04      0.961957E-01      0.000000E+00      0.100638E+00      0.000000E+00
  1.5142      0.137591E-04      0.944452E-01     -0.615618E-16      0.101598E+00      0.000000E+00
  1.5182      0.132002E-04      0.931035E-01      0.000000E+00      0.100716E+00      0.000000E+00
  1.5222      0.126561E-04      0.922375E-01     -0.669270E-16      0.978969E-01      0.000000E+00
  1.5262      0.121265E-04      0.916632E-01      0.000000E+00      0.936505E-01      0.000000E+00
  1.5302      0.116115E-04      0.910478E-01      0.000000E+00      0.889340E-01      0.000000E+00
  1.5342      0.111109E-04      0.900937E-01      0.000000E+00      0.848586E-01      0.000000E+00
  1.5382      0.106245E-04      0.887028E-01      0.000000E+00      0.823468E-01      0.000000E+00
  1.5422      0.101524E-04      0.870311E-01      0.000000E+00      0.818481E-01      0.000000E+00
  1.5462      0.969426E-05      0.854038E-01      0.000000E+00      0.831967E-01      0.000000E+00
  1.5501      0.925004E-05      0.841358E-01      0.000000E+00      0.856586E-01      0.000000E+00
  1.5541      0.881956E-05      0.833566E-01      0.000000E+00      0.881532E-01      0.000000E+00
  1.5581      0.840266E-05      0.829356E-01     -0.100805E-15      0.895845E-01      0.000000E+00
  1.5621      0.799918E-05      0.825504E-01      0.000000E+00      0.891799E-01      0.000000E+00
  1.5661      0.760894E-05      0.818630E-01      0.000000E+00      0.867344E-01      0.000000E+00
  1.5701      0.723176E-05      0.807074E-01     -0.117127E-15      0.826826E-01      0.000000E+00
  1.5741      0.686746E-05      0.791868E-01      0.000000E+00      0.779745E-01      0.000000E+00
  1.5781      0.651584E-05      0.776232E-01     -0.129996E-15      0.737897E-01      0.000000E+00
  1.5821      0.617669E-05      0.763841E-01      0.000000E+00      0.711754E-01      0.000000E+00
  1.5861      0.584982E-05      0.756793E-01      0.000000E+00      0.707185E-01      0.000000E+00
  1.5900      0.553500E-05      0.754383E-01     -0.153032E-15      0.723520E-01      0.000000E+00
  1.5940      0.523203E-05      0.753394E-01      0.000000E+00      0.753610E-01      0.000000E+00
  1.5980      0.494069E-05      0.749797E-01     -0.171440E-15      0.785878E-01      0.000000E+00
  1.6020      0.466074E-05      0.740960E-01      0.000000E+00      0.807806E-01      0.000000E+00
  1.6060      0.439196E-05      0.727177E-01      0.000000E+00      0.809804E-01      0.000000E+00
  1.6100      0.413411E-05      0.711635E-01      0.000000E+00      0.788287E-01      0.000000E+00
  1.6140      0.388697E-05      0.698779E-01      0.000000E+00      0.746982E-01      0.000000E+00
  1.6180      0.365029E-05      0.691901E-01      0.000000E+00      0.696013E-01      0.000000E+00
  1.6220      0.342383E-05      0.691254E-01      0.000000E+00      0.648974E-01      0.000000E+00
  1.6260      0.320735E-05      0.693750E-01      0.000000E+00      0.618832E-01      0.000000E+00
  1.6299      0.300061E-05      0.694498E-01      0.000000E+00      0.613867E-01      0.000000E+00
  1.6339      0.280336E-05      0.689417E-01      0.000000E+00      0.634926E-01      0.000000E+00
  1.6379      0.261535E-05      0.677564E-01      0.000000E+00      0.674858E-01      0.000000E+00
  1.6419      0.243633E-05      0.661864E-01      0.000000E+00      0.720409E-01      0.000000E+00
  1.6459      0.226606E-05      0.647767E-01      0.000000E+00      0.756081E-01      0.000000E+00
  1.6499      0.210430E-05      0.640431E-01      0.000000E+00      0.768848E-01      0.000000E+00
  1.6539      0.195078E-05      0.641886E-01      0.000000E+00      0.752308E-01      0.000000E+00
  1.6579      0.180526E-05      0.649716E-01      0.000000E+00      0.708982E-01      0.000000E+00
  1.6619      0.166751E-05      0.658059E-01     -0.507964E-15      0.649947E-01      0.000000E+00
  1.6659      0.153726E-05      0.660518E-01      0.000000E+00      0.591804E-01      0.000000E+00
  1.6698      0.141428E-05      0.653505E-01      0.000000E+00      0.551779E-01      0.000000E+00
  1.6738      0.129832E-05      0.638230E-01      0.000000E+00      0.542370E-01      0.000000E+00
  1.6778      0.118915E-05      0.620172E-01      0.000000E+00      0.567160E-01      0.000000E+00
  1.6818      0.108652E-05      0.606179E-01      0.000000E+00      0.619169E-01      0.000000E+00
  1.6858      0.990202E-06      0.600662E-01      0.000000E+00      0.682379E-01      0.000000E+00
  1.6898      0.899954E-06      0.602956E-01      0.000000E+00      0.736182E-01      0.000000E+00
  1.6938      0.815546E-06      0.607429E-01      0.000000E+00      0.761567E-01      0.000000E+00
  1.6978      0.736752E-06      0.606542E-01      0.000000E+00      0.747265E-01      0.000000E+00
  1.7018      0.663344E-06      0.595407E-01      0.000000E+00      0.693984E-01      0.000000E+00
  1.7058      0.595102E-06      0.575421E-01      0.000000E+00      0.615299E-01      0.000000E+00
  1.7097      0.531806E-06      0.554754E-01      0.000000E+00      0.534681E-01      0.000000E+00
  1.7137      0.473240E-06      0.544957E-01      0.000000E+00      0.479248E-01      0.000000E+00
  1.7177      0.419194E-06      0.555000E-01      0.000000E+00      0.471872E-01      0.000000E+00
  1.7217      0.369461E-06      0.585635E-01      0.000000E+00      0.523847E-01      0.000000E+00
  1.7257      0.323836E-06      0.627265E-01      0.000000E+00      0.630348E-01      0.000000E+00
  1.7297      0.282120E-06      0.663065E-01      0.000000E+00      0.770276E-01      0.000000E+00
  1.7337      0.244120E-06      0.676672E-01     -0.346975E-14      0.910934E-01      0.000000E+00
  1.7377      0.209643E-06      0.661196E-01      0.000000E+00      0.101665E+00      0.000000E+00
  1.7417      0.178504E-06      0.625166E-01      0.000000E+00      0.105930E+00      0.000000E+00
  1.7457      0.150522E-06      0.591806E-01      0.000000E+00      0.102797E+00      0.000000E+00
  1.7496      0.125520E-06      0.590809E-01      0.000000E+00      0.935257E-01      0.000000E+00
  1.7536      0.103327E-06      0.645264E-01      0.000000E+00      0.818182E-01      0.000000E+00
  1.7576      0.837734E-07      0.759242E-01     -0.101110E-13      0.733600E-01      0.000000E+00
  1.7616      0.666988E-07      0.912258E-01      0.000000E+00      0.749308E-01      0.000000E+00
  1.7656      0.519452E-07      0.106503E+00      0.000000E+00      0.934067E-01      0.000000E+00
  1.7696      0.393600E-07      0.117744E+00      0.000000E+00      0.135126E+00      0.000000E+00
  1.7736      0.287957E-07      0.123641E+00      0.000000E+00      0.206321E+00      0.000000E+00
  1.7776      0.201097E-07      0.129179E+00      0.000000E+00      0.315859E+00      0.000000E+00
  1.7816      0.131642E-07      0.151005E+00      0.000000E+00      0.483571E+00      0.000000E+00
  1.7856      0.782668E-08      0.230611E+00      0.000000E+00      0.765977E+00      0.000000E+00
  1.7895      0.396930E-08      0.487558E+00      0.000000E+00      0.135802E+01      0.000000E+00
  1.7935      0.146929E-08      0.146634E+01      0.000000E+00      0.323136E+01      0.000000E+00
  1.7975      0.208786E-09      0.107805E+02      0.000000E+00      0.202114E+02      0.000000E+00
  1.8015      0.748139E-10      0.284289E+02      0.000000E+00      0.516779E+02      0.000000E+00
  1.8055      0.959249E-09      0.190872E+01      0.000000E+00      0.381118E+01      0.000000E+00
  1.8095      0.275878E-08      0.547883E+00      0.000000E+00      0.127267E+01      0.000000E+00
  1.8135      0.537486E-08      0.247072E+00      0.000000E+00      0.626397E+00      0.000000E+00
  1.8175      0.871363E-08      0.157030E+00      0.000000E+00      0.369137E+00      0.000000E+00
  1.8215      0.126859E-07      0.127147E+00      0.000000E+00      0.246058E+00      0.000000E+00
  1.8255      0.172070E-07      0.113743E+00      0.000000E+00      0.184873E+00      0.000000E+00
  1.8294      0.221969E-07      0.102331E+00      0.000000E+00      0.156698E+00      0.000000E+00
  1.8334      0.275799E-07      0.893988E-01      0.000000E+00      0.145913E+00      0.000000E+00
  1.8374      0.332845E-07      0.758573E-01      0.000000E+00      0.142149E+00      0.000000E+00
  1.8414      0.392438E-07      0.638218E-01      0.000000E+00      0.138276E+00      0.000000E+00
  1.8454      0.453948E-07      0.549219E-01      0.000000E+00      0.130092E+00      0.000000E+00
  1.8494      0.516787E-07      0.496375E-01      0.000000E+00      0.116272E+00      0.000000E+00
  1.8534      0.580405E-07      0.473558E-01      0.000000E+00      0.980183E-01      0.000000E+00
  1.8574      0.644294E-07      0.468370E-01      0.000000E+00      0.782795E-01      0.000000E+00
  1.8614      0.707981E-07      0.467792E-01      0.000000E+00      0.606647E-01      0.000000E+00
  1.8654      0.771031E-07      0.462521E-01      0.000000E+00      0.483036E-01      0.000000E+00
  1.8693      0.833044E-07      0.448884E-01      0.000000E+00      0.429362E-01      0.000000E+00
  1.8733      0.893654E-07      0.428368E-01      0.000000E+00      0.444563E-01      0.000000E+00
  1.8773      0.952530E-07      0.405570E-01      0.000000E+00      0.510043E-01      0.000000E+00
  1.8813      0.100937E-06      0.385651E-01      0.000000E+00      0.595547E-01      0.000000E+00
  1.8853      0.106391E-06      0.372218E-01      0.000000E+00      0.668094E-01      0.000000E+00
  1.8893      0.111591E-06      0.366192E-01      0.000000E+00      0.701305E-01      0.000000E+00
  1.8933      0.116515E-06      0.365823E-01      0.000000E+00      0.682465E-01      0.000000E+00
  1.8973      0.121147E-06      0.367645E-01      0.000000E+00      0.615383E-01      0.000000E+00
  1.9013      0.125469E-06      0.367957E-01      0.000000E+00      0.518404E-01      0.000000E+00
  1.9053      0.129469E-06      0.364262E-01      0.000000E+00      0.418313E-01      0.000000E+00
  1.9092      0.133136E-06      0.356171E-01      0.000000E+00      0.342037E-01      0.000000E+00
  1.9132      0.136462E-06      0.345436E-01      0.000000E+00      0.308635E-01      0.000000E+00
  1.9172      0.139441E-06      0.335096E-01      0.000000E+00      0.323896E-01      0.000000E+00
  1.9212      0.142068E-06      0.328083E-01      0.000000E+00      0.379039E-01      0.000000E+00
  1.9252      0.144341E-06      0.325876E-01      0.000000E+00      0.453792E-01      0.000000E+00
  1.9292      0.146260E-06      0.327809E-01      0.000000E+00      0.522796E-01      0.000000E+00
  1.9332      0.147825E-06      0.331362E-01      0.000000E+00      0.563362E-01      0.000000E+00
  1.9372      0.149041E-06      0.333355E-01      0.000000E+00      0.562242E-01      0.000000E+00
  1.9412      0.149910E-06      0.331485E-01      0.000000E+00      0.519399E-01      0.000000E+00
  1.9452      0.150439E-06      0.325469E-01      0.000000E+00      0.447721E-01      0.000000E+00
  1.9491      0.150636E-06      0.317215E-01      0.000000E+00      0.368832E-01      0.000000E+00
  1.9531      0.150507E-06      0.309888E-01      0.000000E+00      0.306327E-01      0.000000E+00
  1.9571      0.150062E-06      0.306319E-01      0.000000E+00      0.278512E-01      0.000000E+00
  1.9611      0.149312E-06      0.307529E-01      0.000000E+00      0.292854E-01      0.000000E+00
  1.9651      0.148267E-06      0.312161E-01      0.000000E+00      0.343803E-01      0.000000E+00
  1.9691      0.146940E-06      0.317130E-01      0.000000E+00      0.414626E-01      0.000000E+00
  1.9731      0.145342E-06      0.319200E-01      0.000000E+00      0.482654E-01      0.000000E+00
  1.9771      0.143488E-06      0.316695E-01      0.000000E+00      0.526328E-01      0.000000E+00
  1.9811      0.141390E-06      0.310436E-01      0.000000E+00      0.531880E-01      0.000000E+00
  1.9851      0.139063E-06      0.303377E-01      0.000000E+00      0.497598E-01      0.000000E+00
  1.9890      0.136522E-06      0.299093E-01      0.000000E+00      0.434363E-01      0.000000E+00
  1.9930      0.133780E-06      0.299875E-01      0.000000E+00      0.362291E-01      0.000000E+00
  1.9970      0.130853E-06      0.305451E-01      0.000000E+00      0.304491E-01      0.000000E+00
  2.0010      0.127757E-06      0.313043E-01      0.000000E+00      0.279865E-01      0.000000E+00
  2.0050      0.124505E-06      0.318789E-01      0.000000E+00      0.297151E-01      0.000000E+00
  2.0090      0.121114E-06      0.319808E-01      0.000000E+00      0.352084E-01      0.000000E+00
  2.0130      0.117598E-06      0.315824E-01      0.000000E+00      0.428580E-01      0.000000E+00
  2.0170      0.113972E-06      0.309437E-01      0.000000E+00      0.503642E-01      0.000000E+00
  2.0210      0.110252E-06      0.304832E-01      0.000000E+00      0.554499E-01      0.000000E+00
  2.0250      0.106451E-06      0.305555E-01      0.000000E+00      0.565817E-01      0.000000E+00
  2.0289      0.102585E-06      0.312538E-01      0.000000E+00      0.534719E-01      0.000000E+00
  2.0329      0.986665E-07      0.323462E-01      0.000000E+00      0.471994E-01      0.000000E+00
  2.0369      0.947103E-07      0.333881E-01      0.000000E+00      0.399046E-01      0.000000E+00
  2.0409      0.907295E-07      0.339591E-01      0.000000E+00      0.341405E-01      0.000000E+00
  2.0449      0.867369E-07      0.339005E-01      0.000000E+00      0.320752E-01      0.000000E+00
  2.0489      0.827451E-07      0.334214E-01      0.000000E+00      0.347907E-01      0.000000E+00
  2.0529      0.787660E-07      0.330077E-01      0.000000E+00      0.419019E-01      0.000000E+00
  2.0569      0.748112E-07      0.331710E-01      0.000000E+00      0.516271E-01      0.000000E+00
  2.0609      0.708917E-07      0.341656E-01      0.000000E+00      0.613048E-01      0.000000E+00
  2.0648      0.670180E-07      0.358302E-01      0.000000E+00      0.682125E-01      0.000000E+00
  2.0688      0.632000E-07      0.376507E-01      0.000000E+00      0.704428E-01      0.000000E+00
  2.0728      0.594470E-07      0.390259E-01      0.000000E+00      0.675633E-01      0.000000E+00
  2.0768      0.557679E-07      0.396060E-01      0.000000E+00      0.608412E-01      0.000000E+00
  2.0808      0.521707E-07      0.395197E-01      0.000000E+00      0.529398E-01      0.000000E+00
  2.0848      0.486632E-07      0.393530E-01      0.000000E+00      0.471531E-01      0.000000E+00
  2.0888      0.452523E-07      0.398712E-01      0.000000E+00      0.463922E-01      0.000000E+00
  2.0928      0.419444E-07      0.416118E-01      0.000000E+00      0.522307E-01      0.000000E+00
  2.0968      0.387454E-07      0.445668E-01      0.000000E+00      0.643125E-01      0.000000E+00
  2.1008      0.356604E-07      0.481396E-01      0.000000E+00      0.803362E-01      0.000000E+00
  2.1048      0.326941E-07      0.514340E-01      0.000000E+00      0.966648E-01      0.000000E+00
  2.1087      0.298505E-07      0.537517E-01      0.000000E+00      0.109419E+00      0.000000E+00
  2.1127      0.271332E-07      0.550469E-01      0.000000E+00      0.115752E+00      0.000000E+00
  2.1167      0.245449E-07      0.560792E-01      0.000000E+00      0.114928E+00      0.000000E+00
  2.1207      0.220881E-07      0.581410E-01      0.000000E+00      0.108841E+00      0.000000E+00
  2.1247      0.197646E-07      0.624504E-01      0.000000E+00      0.101778E+00      0.000000E+00
  2.1287      0.175757E-07      0.695036E-01      0.000000E+00      0.994093E-01      0.000000E+00
  2.1327      0.155222E-07      0.787430E-01      0.000000E+00      0.107246E+00      0.000000E+00
  2.1367      0.136043E-07      0.887874E-01      0.000000E+00      0.128986E+00      0.000000E+00
  2.1407      0.118219E-07      0.982118E-01      0.000000E+00      0.165246E+00      0.000000E+00
  2.1446      0.101743E-07      0.106572E+00      0.000000E+00      0.213135E+00      0.000000E+00
  2.1486      0.866052E-08      0.115198E+00      0.000000E+00      0.266941E+00      0.000000E+00
  2.1526      0.727897E-08      0.127324E+00      0.000000E+00      0.319959E+00      0.000000E+00
  2.1566      0.602780E-08      0.147408E+00      0.000000E+00      0.367229E+00      0.000000E+00
  2.1606      0.490475E-08      0.179909E+00      0.000000E+00      0.408789E+00      0.000000E+00
  2.1646      0.390719E-08      0.228216E+00      0.000000E+00      0.453095E+00      0.000000E+00
  2.1686      0.303220E-08      0.294691E+00      0.000000E+00      0.520683E+00      0.000000E+00
  2.1726      0.227652E-08      0.382974E+00      0.000000E+00      0.649222E+00      0.000000E+00
  2.1766      0.163662E-08      0.504281E+00      0.000000E+00      0.903969E+00      0.000000E+00
  2.1806      0.110870E-08      0.692138E+00      0.000000E+00      0.140600E+01      0.000000E+00
  2.1846      0.688728E-09      0.104218E+01      0.000000E+00      0.242178E+01      0.000000E+00
  2.1885      0.372465E-09      0.185643E+01      0.000000E+00      0.471073E+01      0.000000E+00
  2.1925      0.155468E-09      0.444242E+01      0.000000E+00      0.114593E+02      0.000000E+00
  2.1965      0.331309E-10      0.212670E+02      0.000000E+00      0.524770E+02      0.000000E+00
  2.2005      0.697629E-12      0.102656E+04      0.000000E+00      0.235564E+04      0.000000E+00
  2.2045      0.532888E-10      0.133538E+02      0.000000E+00      0.287453E+02      0.000000E+00
  2.2085      0.185922E-09      0.369897E+01      0.000000E+00      0.776036E+01      0.000000E+00
  2.2125      0.393532E-09      0.165866E+01      0.000000E+00      0.356484E+01      0.000000E+00
  2.2165      0.670994E-09      0.925460E+00      0.000000E+00      0.211135E+01      0.000000E+00
  2.2205      0.101314E-08      0.596772E+00      0.000000E+00      0.144803E+01      0.000000E+00
  2.2245      0.141479E-08      0.429185E+00      0.000000E+00      0.107660E+01      0.000000E+00
  2.2284      0.187074E-08      0.332717E+00      0.000000E+00      0.830659E+00      0.000000E+00
  2.2324      0.237583E-08      0.268643E+00      0.000000E+00      0.648597E+00      0.000000E+00
  2.2364      0.292492E-08      0.220118E+00      0.000000E+00      0.507879E+00      0.000000E+00
  2.2404      0.351291E-08      0.180819E+00      0.000000E+00      0.400745E+00      0.000000E+00
  2.2444      0.413479E-08      0.149168E+00      0.000000E+00      0.323659E+00      0.000000E+00
  2.2484      0.478561E-08      0.125001E+00      0.000000E+00      0.272700E+00      0.000000E+00
  2.2524      0.546054E-08      0.107813E+00      0.000000E+00      0.242121E+00      0.000000E+00
  2.2564      0.615483E-08      0.962156E-01      0.000000E+00      0.224742E+00      0.000000E+00
  2.2604      0.686389E-08      0.882304E-01      0.000000E+00      0.213277E+00      0.000000E+00
  2.2643      0.758323E-08      0.819245E-01      0.000000E+00      0.201817E+00      0.000000E+00
  2.2683      0.830852E-08      0.759799E-01      0.000000E+00      0.186928E+00      0.000000E+00
  2.2723      0.903560E-08      0.699243E-01      0.000000E+00      0.168008E+00      0.000000E+00
  2.2763      0.976046E-08      0.639841E-01      0.000000E+00      0.146853E+00      0.000000E+00
  2.2803      0.104793E-07      0.586985E-01      0.000000E+00      0.126613E+00      0.000000E+00
  2.2843      0.111883E-07      0.545126E-01      0.000000E+00      0.110495E+00      0.000000E+00
  2.2883      0.118842E-07      0.515291E-01      0.000000E+00      0.100608E+00      0.000000E+00
  2.2923      0.125637E-07      0.494905E-01      0.000000E+00      0.972777E-01      0.000000E+00
  2.2963      0.132236E-07      0.479440E-01      0.000000E+00      0.989983E-01      0.000000E+00
  2.3003      0.138611E-07      0.464682E-01      0.000000E+00      0.102984E+00      0.000000E+00
  2.3043      0.144736E-07      0.448406E-01      0.000000E+00      0.106098E+00      0.000000E+00
  2.3082      0.150586E-07      0.430793E-01      0.000000E+00      0.105854E+00      0.000000E+00
  2.3122      0.156137E-07      0.413648E-01      0.000000E+00      0.101159E+00      0.000000E+00
  2.3162      0.161371E-07      0.399063E-01      0.000000E+00      0.925829E-01      0.000000E+00
  2.3202      0.166268E-07      0.388252E-01      0.000000E+00      0.820880E-01      0.000000E+00
  2.3242      0.170812E-07      0.381082E-01      0.000000E+00      0.723264E-01      0.000000E+00
  2.3282      0.174990E-07      0.376346E-01      0.000000E+00      0.657415E-01      0.000000E+00
  2.3322      0.178788E-07      0.372488E-01      0.000000E+00      0.637678E-01      0.000000E+00
  2.3362      0.182197E-07      0.368330E-01      0.000000E+00      0.663791E-01      0.000000E+00
  2.3402      0.185210E-07      0.363473E-01      0.000000E+00      0.721200E-01      0.000000E+00
  2.3441      0.187819E-07      0.358276E-01      0.000000E+00      0.786001E-01      0.000000E+00
  2.3481      0.190020E-07      0.353528E-01      0.000000E+00      0.832829E-01      0.000000E+00
  2.3521      0.191811E-07      0.350037E-01      0.000000E+00      0.843123E-01      0.000000E+00
  2.3561      0.193192E-07      0.348325E-01      0.000000E+00      0.811102E-01      0.000000E+00
  2.3601      0.194164E-07      0.348503E-01      0.000000E+00      0.745559E-01      0.000000E+00
  2.3641      0.194729E-07      0.350311E-01      0.000000E+00      0.666921E-01      0.000000E+00
  2.3681      0.194891E-07      0.353269E-01      0.000000E+00      0.600543E-01      0.000000E+00
  2.3721      0.194658E-07      0.356865E-01      0.000000E+00      0.568401E-01      0.000000E+00
  2.3761      0.194035E-07      0.360754E-01      0.000000E+00      0.581866E-01      0.000000E+00
  2.3801      0.193032E-07      0.364897E-01      0.000000E+00      0.637884E-01      0.000000E+00
  2.3841      0.191660E-07      0.369609E-01      0.000000E+00      0.719826E-01      0.000000E+00
  2.3880      0.189928E-07      0.375433E-01      0.000000E+00      0.802755E-01      0.000000E+00
  2.3920      0.187851E-07      0.382858E-01      0.000000E+00      0.861459E-01      0.000000E+00
  2.3960      0.185440E-07      0.391961E-01      0.000000E+00      0.878683E-01      0.000000E+00
  2.4000      0.182711E-07      0.402142E-01      0.000000E+00      0.850885E-01      0.000000E+00
  2.4040      0.179679E-07      0.412139E-01      0.000000E+00      0.789605E-01      0.000000E+00
  2.4080      0.176360E-07      0.420392E-01      0.000000E+00      0.717939E-01      0.000000E+00
  2.4120      0.172770E-07      0.425665E-01      0.000000E+00      0.663128E-01      0.000000E+00
  2.4160      0.168928E-07      0.427636E-01      0.000000E+00      0.647629E-01      0.000000E+00
  2.4200      0.164851E-07      0.427156E-01      0.000000E+00      0.681506E-01      0.000000E+00
  2.4240      0.160557E-07      0.425986E-01      0.000000E+00      0.758716E-01      0.000000E+00
  2.4279      0.156066E-07      0.426066E-01      0.000000E+00      0.858606E-01      0.000000E+00
  2.4319      0.151395E-07      0.428668E-01      0.000000E+00      0.952334E-01      0.000000E+00
  2.4359      0.146565E-07      0.433873E-01      0.000000E+00      0.101230E+00      0.000000E+00
  2.4399      0.141595E-07      0.440671E-01      0.000000E+00      0.102159E+00      0.000000E+00
  2.4439      0.136503E-07      0.447708E-01      0.000000E+00      0.980334E-01      0.000000E+00
  2.4479      0.131310E-07      0.454266E-01      0.000000E+00      0.906751E-01      0.000000E+00
  2.4519      0.126035E-07      0.460963E-01      0.000000E+00      0.832161E-01      0.000000E+00
  2.4559      0.120696E-07      0.469683E-01      0.000000E+00      0.791387E-01      0.000000E+00
  2.4599      0.115312E-07      0.482719E-01      0.000000E+00      0.811358E-01      0.000000E+00
  2.4638      0.109902E-07      0.501522E-01      0.000000E+00      0.901598E-01      0.000000E+00
  2.4678      0.104483E-07      0.525766E-01      0.000000E+00      0.104987E+00      0.000000E+00
  2.4718      0.990743E-08      0.553357E-01      0.000000E+00      0.122481E+00      0.000000E+00
  2.4758      0.936918E-08      0.581504E-01      0.000000E+00      0.138514E+00      0.000000E+00
  2.4798      0.883524E-08      0.608410E-01      0.000000E+00      0.149310E+00      0.000000E+00
  2.4838      0.830721E-08      0.634670E-01      0.000000E+00      0.152781E+00      0.000000E+00
  2.4878      0.778663E-08      0.663505E-01      0.000000E+00      0.149431E+00      0.000000E+00
  2.4918      0.727497E-08      0.699520E-01      0.000000E+00      0.142486E+00      0.000000E+00
  2.4958      0.677363E-08      0.746490E-01      0.000000E+00      0.137128E+00      0.000000E+00
  2.4998      0.628393E-08      0.805309E-01      0.000000E+00      0.138991E+00      0.000000E+00
  2.5038      0.580713E-08      0.873364E-01      0.000000E+00      0.152356E+00      0.000000E+00
  2.5077      0.534438E-08      0.945953E-01      0.000000E+00      0.178575E+00      0.000000E+00
  2.5117      0.489678E-08      0.101932E+00      0.000000E+00      0.215304E+00      0.000000E+00
  2.5157      0.446533E-08      0.109384E+00      0.000000E+00      0.256883E+00      0.000000E+00
  2.5197      0.405095E-08      0.117569E+00      0.000000E+00      0.295911E+00      0.000000E+00
  2.5237      0.365446E-08      0.127562E+00      0.000000E+00      0.325691E+00      0.000000E+00
  2.5277      0.327662E-08      0.140537E+00      0.000000E+00      0.342887E+00      0.000000E+00
  2.5317      0.291806E-08      0.157312E+00      0.000000E+00      0.349613E+00      0.000000E+00
  2.5357      0.257937E-08      0.178095E+00      0.000000E+00      0.354223E+00      0.000000E+00
  2.5397      0.226103E-08      0.202616E+00      0.000000E+00      0.370369E+00      0.000000E+00
  2.5436      0.196342E-08      0.230721E+00      0.000000E+00      0.414350E+00      0.000000E+00
  2.5476      0.168686E-08      0.263268E+00      0.000000E+00      0.501340E+00      0.000000E+00
  2.5516      0.143156E-08      0.302979E+00      0.000000E+00      0.641475E+00      0.000000E+00
  2.5556      0.119767E-08      0.354962E+00      0.000000E+00      0.837146E+00      0.000000E+00
  2.5596      0.985238E-09      0.426771E+00      0.000000E+00      0.108284E+01      0.000000E+00
  2.5636      0.794250E-09      0.528385E+00      0.000000E+00      0.136882E+01      0.000000E+00
  2.5676      0.624602E-09      0.673041E+00      0.000000E+00      0.169016E+01      0.000000E+00
  2.5716      0.476119E-09      0.880812E+00      0.000000E+00      0.206335E+01      0.000000E+00
  2.5756      0.348552E-09      0.118878E+01      0.000000E+00      0.255751E+01      0.000000E+00
  2.5796      0.241585E-09      0.167765E+01      0.000000E+00      0.336134E+01      0.000000E+00
  2.5836      0.154833E-09      0.254734E+01      0.000000E+00      0.496371E+01      0.000000E+00
  2.5875      0.878475E-10      0.438137E+01      0.000000E+00      0.878758E+01      0.000000E+00
  2.5915      0.401209E-10      0.944872E+01      0.000000E+00      0.203585E+02      0.000000E+00
  2.5955      0.110883E-10      0.340212E+02      0.000000E+00      0.796729E+02      0.000000E+00
  2.5995      0.131795E-12      0.286333E+04      0.000000E+00      0.717351E+04      0.000000E+00
  2.6035      0.658416E-11      0.571907E+02      0.000000E+00      0.148684E+03      0.000000E+00
  2.6075      0.297324E-10      0.125302E+02      0.000000E+00      0.326560E+02      0.000000E+00
  2.6115      0.688217E-10      0.530561E+01      0.000000E+00      0.134159E+02      0.000000E+00
  2.6155      0.123059E-09      0.289436E+01      0.000000E+00      0.692167E+01      0.000000E+00
  2.6195      0.191619E-09      0.181869E+01      0.000000E+00      0.407045E+01      0.000000E+00
  2.6235      0.273643E-09      0.125806E+01      0.000000E+00      0.267096E+01      0.000000E+00
  2.6274      0.368249E-09      0.933465E+00      0.000000E+00      0.195212E+01      0.000000E+00
  2.6314      0.474533E-09      0.727502E+00      0.000000E+00      0.156965E+01      0.000000E+00
  2.6354      0.591571E-09      0.584838E+00      0.000000E+00      0.134638E+01      0.000000E+00
  2.6394      0.718427E-09      0.478633E+00      0.000000E+00      0.118708E+01      0.000000E+00
  2.6434      0.854151E-09      0.396334E+00      0.000000E+00      0.104434E+01      0.000000E+00
  2.6474      0.997791E-09      0.332255E+00      0.000000E+00      0.900975E+00      0.000000E+00
  2.6514      0.114839E-08      0.283319E+00      0.000000E+00      0.758047E+00      0.000000E+00
  2.6554      0.130499E-08      0.246799E+00      0.000000E+00      0.625423E+00      0.000000E+00
  2.6594      0.146664E-08      0.219579E+00      0.000000E+00      0.514341E+00      0.000000E+00
  2.6634      0.163239E-08      0.198405E+00      0.000000E+00      0.432317E+00      0.000000E+00
  2.6673      0.180132E-08      0.180546E+00      0.000000E+00      0.380647E+00      0.000000E+00
  2.6713      0.197250E-08      0.164340E+00      0.000000E+00      0.354418E+00      0.000000E+00
  2.6753      0.214503E-08      0.149304E+00      0.000000E+00      0.344441E+00      0.000000E+00
  2.6793      0.231803E-08      0.135792E+00      0.000000E+00      0.340193E+00      0.000000E+00
  2.6833      0.249064E-08      0.124394E+00      0.000000E+00      0.332783E+00      0.000000E+00
  2.6873      0.266204E-08      0.115396E+00      0.000000E+00      0.317063E+00      0.000000E+00
  2.6913      0.283141E-08      0.108529E+00      0.000000E+00      0.292397E+00      0.000000E+00
  2.6953      0.299797E-08      0.103070E+00      0.000000E+00      0.262036E+00      0.000000E+00
  2.6993      0.316100E-08      0.981869E-01      0.000000E+00      0.231427E+00      0.000000E+00
  2.7033      0.331979E-08      0.933057E-01      0.000000E+00      0.206104E+00      0.000000E+00
  2.7072      0.347365E-08      0.883103E-01      0.000000E+00      0.189808E+00      0.000000E+00
  2.7112      0.362196E-08      0.834894E-01      0.000000E+00      0.183403E+00      0.000000E+00
  2.7152      0.376413E-08      0.792899E-01      0.000000E+00      0.184818E+00      0.000000E+00
  2.7192      0.389961E-08      0.760246E-01      0.000000E+00      0.189939E+00      0.000000E+00
  2.7232      0.402787E-08      0.736921E-01      0.000000E+00      0.194091E+00      0.000000E+00
  2.7272      0.414846E-08      0.719875E-01      0.000000E+00      0.193582E+00      0.000000E+00
  2.7312      0.426095E-08      0.704759E-01      0.000000E+00      0.186821E+00      0.000000E+00
  2.7352      0.436495E-08      0.688195E-01      0.000000E+00      0.174676E+00      0.000000E+00
  2.7392      0.446014E-08      0.669305E-01      0.000000E+00      0.160007E+00      0.000000E+00
  2.7431      0.454620E-08      0.649773E-01      0.000000E+00      0.146577E+00      0.000000E+00
  2.7471      0.462291E-08      0.632540E-01      0.000000E+00      0.137719E+00      0.000000E+00
  2.7511      0.469004E-08      0.619974E-01      0.000000E+00      0.135222E+00      0.000000E+00
  2.7551      0.474745E-08      0.612556E-01      0.000000E+00      0.138768E+00      0.000000E+00
  2.7591      0.479500E-08      0.608734E-01      0.000000E+00      0.146108E+00      0.000000E+00
  2.7631      0.483263E-08      0.605928E-01      0.000000E+00      0.153874E+00      0.000000E+00
  2.7671      0.486031E-08      0.602032E-01      0.000000E+00      0.158749E+00      0.000000E+00
  2.7711      0.487804E-08      0.596533E-01      0.000000E+00      0.158589E+00      0.000000E+00
  2.7751      0.488586E-08      0.590657E-01      0.000000E+00      0.153135E+00      0.000000E+00
  2.7791      0.488387E-08      0.586530E-01      0.000000E+00      0.144076E+00      0.000000E+00
  2.7831      0.487220E-08      0.585878E-01      0.000000E+00      0.134445E+00      0.000000E+00
  2.7870      0.485099E-08      0.589043E-01      0.000000E+00      0.127571E+00      0.000000E+00
  2.7910      0.482044E-08      0.594820E-01      0.000000E+00      0.125932E+00      0.000000E+00
  2.7950      0.478079E-08      0.601193E-01      0.000000E+00      0.130290E+00      0.000000E+00
  2.7990      0.473229E-08      0.606488E-01      0.000000E+00      0.139415E+00      0.000000E+00
  2.8030      0.467523E-08      0.610295E-01      0.000000E+00      0.150483E+00      0.000000E+00
  2.8070      0.460994E-08      0.613650E-01      0.000000E+00      0.160034E+00      0.000000E+00
  2.8110      0.453674E-08      0.618416E-01      0.000000E+00      0.165158E+00      0.000000E+00
  2.8150      0.445601E-08      0.626265E-01      0.000000E+00      0.164532E+00      0.000000E+00
  2.8190      0.436814E-08      0.637831E-01      0.000000E+00      0.158929E+00      0.000000E+00
  2.8230      0.427354E-08      0.652508E-01      0.000000E+00      0.151030E+00      0.000000E+00
  2.8269      0.417264E-08      0.668953E-01      0.000000E+00      0.144571E+00      0.000000E+00
  2.8309      0.406587E-08      0.685965E-01      0.000000E+00      0.143086E+00      0.000000E+00
  2.8349      0.395370E-08      0.703206E-01      0.000000E+00      0.148676E+00      0.000000E+00
  2.8389      0.383659E-08      0.721363E-01      0.000000E+00      0.161207E+00      0.000000E+00
  2.8429      0.371503E-08      0.741703E-01      0.000000E+00      0.178247E+00      0.000000E+00
  2.8469      0.358950E-08      0.765325E-01      0.000000E+00      0.195787E+00      0.000000E+00
  2.8509      0.346049E-08      0.792590E-01      0.000000E+00      0.209564E+00      0.000000E+00
  2.8549      0.332850E-08      0.823073E-01      0.000000E+00      0.216558E+00      0.000000E+00
  2.8589      0.319402E-08      0.856044E-01      0.000000E+00      0.216161E+00      0.000000E+00
  2.8629      0.305755E-08      0.891175E-01      0.000000E+00      0.210604E+00      0.000000E+00
  2.8668      0.291960E-08      0.929001E-01      0.000000E+00      0.204438E+00      0.000000E+00
  2.8708      0.278064E-08      0.970851E-01      0.000000E+00      0.203168E+00      0.000000E+00
  2.8748      0.264116E-08      0.101829E+00      0.000000E+00      0.211440E+00      0.000000E+00
  2.8788      0.250164E-08      0.107244E+00      0.000000E+00      0.231367E+00      0.000000E+00
  2.8828      0.236255E-08      0.113364E+00      0.000000E+00      0.261569E+00      0.000000E+00
  2.8868      0.222435E-08      0.120170E+00      0.000000E+00      0.297342E+00      0.000000E+00
  2.8908      0.208747E-08      0.127667E+00      0.000000E+00      0.332008E+00      0.000000E+00
  2.8948      0.195235E-08      0.135954E+00      0.000000E+00      0.359125E+00      0.000000E+00
  2.8988      0.181941E-08      0.145260E+00      0.000000E+00      0.374903E+00      0.000000E+00
  2.9028      0.168904E-08      0.155898E+00      0.000000E+00      0.380046E+00      0.000000E+00
  2.9067      0.156163E-08      0.168185E+00      0.000000E+00      0.380314E+00      0.000000E+00
  2.9107      0.143753E-08      0.182365E+00      0.000000E+00      0.385454E+00      0.000000E+00
  2.9147      0.131710E-08      0.198615E+00      0.000000E+00      0.406638E+00      0.000000E+00
  2.9187      0.120064E-08      0.217149E+00      0.000000E+00      0.453049E+00      0.000000E+00
  2.9227      0.108847E-08      0.238387E+00      0.000000E+00      0.528640E+00      0.000000E+00
  2.9267      0.980862E-09      0.263104E+00      0.000000E+00      0.630193E+00      0.000000E+00
  2.9307      0.878071E-09      0.292485E+00      0.000000E+00      0.747570E+00      0.000000E+00
  2.9347      0.780329E-09      0.328057E+00      0.000000E+00      0.866553E+00      0.000000E+00
  2.9387      0.687847E-09      0.371580E+00      0.000000E+00      0.973918E+00      0.000000E+00
  2.9426      0.600808E-09      0.425020E+00      0.000000E+00      0.106373E+01      0.000000E+00
  2.9466      0.519375E-09      0.490812E+00      0.000000E+00      0.114339E+01      0.000000E+00
  2.9506      0.443682E-09      0.572489E+00      0.000000E+00      0.123777E+01      0.000000E+00
  2.9546      0.373844E-09      0.675776E+00      0.000000E+00      0.139047E+01      0.000000E+00
  2.9586      0.309947E-09      0.810123E+00      0.000000E+00      0.166184E+01      0.000000E+00
  2.9626      0.252055E-09      0.990910E+00      0.000000E+00      0.212521E+01      0.000000E+00
  2.9666      0.200209E-09      0.124307E+01      0.000000E+00      0.286442E+01      0.000000E+00
  2.9706      0.154425E-09      0.160824E+01      0.000000E+00      0.397930E+01      0.000000E+00
  2.9746      0.114697E-09      0.216107E+01      0.000000E+00      0.561237E+01      0.000000E+00
  2.9786      0.809963E-10      0.305000E+01      0.000000E+00      0.802944E+01      0.000000E+00
  2.9826      0.532710E-10      0.461196E+01      0.000000E+00      0.118554E+02      0.000000E+00
  2.9865      0.314493E-10      0.775771E+01      0.000000E+00      0.188662E+02      0.000000E+00
  2.9905      0.154380E-10      0.156986E+02      0.000000E+00      0.355233E+02      0.000000E+00
  2.9945      0.512425E-11      0.470888E+02      0.000000E+00      0.998653E+02      0.000000E+00
  2.9985      0.376135E-12      0.640734E+03      0.000000E+00      0.131673E+04      0.000000E+00
  3.0025      0.104354E-11      0.231218E+03      0.000000E+00      0.482827E+03      0.000000E+00
  3.0065      0.695914E-11      0.347219E+02      0.000000E+00      0.766741E+02      0.000000E+00
  3.0105      0.179394E-10      0.134623E+02      0.000000E+00      0.319561E+02      0.000000E+00
  3.0145      0.337854E-10      0.712198E+01      0.000000E+00      0.180062E+02      0.000000E+00
  3.0185      0.542844E-10      0.440482E+01      0.000000E+00      0.115315E+02      0.000000E+00
  3.0225      0.792102E-10      0.299766E+01      0.000000E+00      0.782094E+01      0.000000E+00
  3.0264      0.108325E-09      0.217968E+01      0.000000E+00      0.545261E+01      0.000000E+00
  3.0304      0.141380E-09      0.166465E+01      0.000000E+00      0.388264E+01      0.000000E+00
  3.0344      0.178117E-09      0.131919E+01      0.000000E+00      0.285300E+01      0.000000E+00
  3.0384      0.218269E-09      0.107441E+01      0.000000E+00      0.220706E+01      0.000000E+00
  3.0424      0.261562E-09      0.892690E+00      0.000000E+00      0.182703E+01      0.000000E+00
  3.0464      0.307715E-09      0.753157E+00      0.000000E+00      0.161494E+01      0.000000E+00
  3.0504      0.356444E-09      0.644070E+00      0.000000E+00      0.149056E+01      0.000000E+00
  3.0544      0.407460E-09      0.558393E+00      0.000000E+00      0.139436E+01      0.000000E+00
  3.0584      0.460471E-09      0.491166E+00      0.000000E+00      0.128987E+01      0.000000E+00
  3.0624      0.515185E-09      0.438180E+00      0.000000E+00      0.116308E+01      0.000000E+00
  3.0663      0.571308E-09      0.395626E+00      0.000000E+00      0.101813E+01      0.000000E+00
  3.0703      0.628549E-09      0.360277E+00      0.000000E+00      0.870391E+00      0.000000E+00
  3.0743      0.686617E-09      0.329826E+00      0.000000E+00      0.738506E+00      0.000000E+00
  3.0783      0.745225E-09      0.303006E+00      0.000000E+00      0.637435E+00      0.000000E+00
  3.0823      0.804090E-09      0.279411E+00      0.000000E+00      0.573898E+00      0.000000E+00
  3.0863      0.862934E-09      0.259052E+00      0.000000E+00      0.545043E+00      0.000000E+00
  3.0903      0.921486E-09      0.241889E+00      0.000000E+00      0.540172E+00      0.000000E+00
  3.0943      0.979479E-09      0.227541E+00      0.000000E+00      0.544611E+00      0.000000E+00
  3.0983      0.103666E-08      0.215275E+00      0.000000E+00      0.544326E+00      0.000000E+00
  3.1023      0.109277E-08      0.204245E+00      0.000000E+00      0.529851E+00      0.000000E+00
  3.1062      0.114758E-08      0.193803E+00      0.000000E+00      0.498458E+00      0.000000E+00
  3.1102      0.120086E-08      0.183713E+00      0.000000E+00      0.454094E+00      0.000000E+00
  3.1142      0.125239E-08      0.174150E+00      0.000000E+00      0.405325E+00      0.000000E+00
  3.1182      0.130196E-08      0.165501E+00      0.000000E+00      0.362091E+00      0.000000E+00
  3.1222      0.134938E-08      0.158084E+00      0.000000E+00      0.332348E+00      0.000000E+00
  3.1262      0.139447E-08      0.151944E+00      0.000000E+00      0.319629E+00      0.000000E+00
  3.1302      0.143705E-08      0.146815E+00      0.000000E+00      0.322202E+00      0.000000E+00
  3.1342      0.147697E-08      0.142269E+00      0.000000E+00      0.333962E+00      0.000000E+00
  3.1382      0.151409E-08      0.137936E+00      0.000000E+00      0.346650E+00      0.000000E+00
  3.1421      0.154828E-08      0.133685E+00      0.000000E+00      0.352629E+00      0.000000E+00
  3.1461      0.157943E-08      0.129658E+00      0.000000E+00      0.347289E+00      0.000000E+00
  3.1501      0.160744E-08      0.126150E+00      0.000000E+00      0.330363E+00      0.000000E+00
  3.1541      0.163222E-08      0.123409E+00      0.000000E+00      0.305766E+00      0.000000E+00
  3.1581      0.165370E-08      0.121479E+00      0.000000E+00      0.280100E+00      0.000000E+00
  3.1621      0.167182E-08      0.120158E+00      0.000000E+00      0.260341E+00      0.000000E+00
  3.1661      0.168655E-08      0.119107E+00      0.000000E+00      0.251501E+00      0.000000E+00
  3.1701      0.169785E-08      0.118033E+00      0.000000E+00      0.255014E+00      0.000000E+00
  3.1741      0.170572E-08      0.116837E+00      0.000000E+00      0.268343E+00      0.000000E+00
  3.1781      0.171015E-08      0.115654E+00      0.000000E+00      0.285914E+00      0.000000E+00
  3.1821      0.171116E-08      0.114758E+00      0.000000E+00      0.301032E+00      0.000000E+00
  3.1860      0.170877E-08      0.114395E+00      0.000000E+00      0.308137E+00      0.000000E+00
  3.1900      0.170304E-08      0.114629E+00      0.000000E+00      0.304654E+00      0.000000E+00
  3.1940      0.169400E-08      0.115309E+00      0.000000E+00      0.291834E+00      0.000000E+00
  3.1980      0.168173E-08      0.116157E+00      0.000000E+00      0.274317E+00      0.000000E+00
  3.2020      0.166630E-08      0.116928E+00      0.000000E+00      0.258552E+00      0.000000E+00
  3.2060      0.164781E-08      0.117561E+00      0.000000E+00      0.250625E+00      0.000000E+00
  3.2100      0.162635E-08      0.118217E+00      0.000000E+00      0.254188E+00      0.000000E+00
  3.2140      0.160202E-08      0.119196E+00      0.000000E+00      0.269187E+00      0.000000E+00
  3.2180      0.157496E-08      0.120771E+00      0.000000E+00      0.291833E+00      0.000000E+00
  3.2220      0.154529E-08      0.123040E+00      0.000000E+00      0.315827E+00      0.000000E+00
  3.2259      0.151313E-08      0.125874E+00      0.000000E+00      0.334473E+00      0.000000E+00
  3.2299      0.147864E-08      0.129001E+00      0.000000E+00      0.342969E+00      0.000000E+00
  3.2339      0.144197E-08      0.132168E+00      0.000000E+00      0.340136E+00      0.000000E+00
  3.2379      0.140326E-08      0.135290E+00      0.000000E+00      0.328964E+00      0.000000E+00
  3.2419      0.136269E-08      0.138507E+00      0.000000E+00      0.315768E+00      0.000000E+00
  3.2459      0.132042E-08      0.142103E+00      0.000000E+00      0.308173E+00      0.000000E+00
  3.2499      0.127661E-08      0.146345E+00      0.000000E+00      0.312563E+00      0.000000E+00
  3.2539      0.123145E-08      0.151331E+00      0.000000E+00      0.331829E+00      0.000000E+00
  3.2579      0.118510E-08      0.156947E+00      0.000000E+00      0.364202E+00      0.000000E+00
  3.2619      0.113774E-08      0.162959E+00      0.000000E+00      0.403614E+00      0.000000E+00
  3.2658      0.108956E-08      0.169197E+00      0.000000E+00      0.441577E+00      0.000000E+00
  3.2698      0.104072E-08      0.175720E+00      0.000000E+00      0.470029E+00      0.000000E+00
  3.2738      0.991413E-09      0.182862E+00      0.000000E+00      0.484260E+00      0.000000E+00
  3.2778      0.941811E-09      0.191123E+00      0.000000E+00      0.484927E+00      0.000000E+00
  3.2818      0.892090E-09      0.200955E+00      0.000000E+00      0.478401E+00      0.000000E+00
  3.2858      0.842423E-09      0.212563E+00      0.000000E+00      0.475196E+00      0.000000E+00
  3.2898      0.792979E-09      0.225853E+00      0.000000E+00      0.486817E+00      0.000000E+00
  3.2938      0.743925E-09      0.240567E+00      0.000000E+00      0.521981E+00      0.000000E+00
  3.2978      0.695424E-09      0.256552E+00      0.000000E+00      0.583393E+00      0.000000E+00
  3.3018      0.647632E-09      0.274017E+00      0.000000E+00      0.666273E+00      0.000000E+00
  3.3057      0.600703E-09      0.293632E+00      0.000000E+00      0.759322E+00      0.000000E+00
  3.3097      0.554782E-09      0.316406E+00      0.000000E+00      0.848134E+00      0.000000E+00
  3.3137      0.510009E-09      0.343386E+00      0.000000E+00      0.920238E+00      0.000000E+00
  3.3177      0.466520E-09      0.375380E+00      0.000000E+00      0.970328E+00      0.000000E+00
  3.3217      0.424439E-09      0.412867E+00      0.000000E+00      0.100400E+01      0.000000E+00
  3.3257      0.383886E-09      0.456237E+00      0.000000E+00      0.103859E+01      0.000000E+00
  3.3297      0.344972E-09      0.506282E+00      0.000000E+00      0.110035E+01      0.000000E+00
  3.3337      0.307801E-09      0.564758E+00      0.000000E+00      0.121843E+01      0.000000E+00
  3.3377      0.272467E-09      0.634770E+00      0.000000E+00      0.141710E+01      0.000000E+00
  3.3417      0.239057E-09      0.720831E+00      0.000000E+00      0.170845E+01      0.000000E+00
  3.3456      0.207649E-09      0.828700E+00      0.000000E+00      0.208835E+01      0.000000E+00
  3.3496      0.178311E-09      0.965340E+00      0.000000E+00      0.253790E+01      0.000000E+00
  3.3536      0.151103E-09      0.113956E+01      0.000000E+00      0.303190E+01      0.000000E+00
  3.3576      0.126076E-09      0.136398E+01      0.000000E+00      0.355477E+01      0.000000E+00
  3.3616      0.103272E-09      0.165901E+01      0.000000E+00      0.412375E+01      0.000000E+00
  3.3656      0.827214E-10      0.205994E+01      0.000000E+00      0.481985E+01      0.000000E+00
  3.3696      0.644493E-10      0.262963E+01      0.000000E+00      0.583109E+01      0.000000E+00
  3.3736      0.484694E-10      0.348354E+01      0.000000E+00      0.752482E+01      0.000000E+00
  3.3776      0.347870E-10      0.484695E+01      0.000000E+00      0.106012E+02      0.000000E+00
  3.3816      0.233987E-10      0.720725E+01      0.000000E+00      0.164969E+02      0.000000E+00
  3.3855      0.142922E-10      0.117994E+02      0.000000E+00      0.286732E+02      0.000000E+00
  3.3895      0.744690E-11      0.226043E+02      0.000000E+00      0.579248E+02      0.000000E+00
  3.3935      0.283385E-11      0.591526E+02      0.000000E+00      0.156228E+03      0.000000E+00
  3.3975      0.416132E-12      0.400537E+03      0.000000E+00      0.105638E+04      0.000000E+00
  3.4015      0.149099E-12      0.111177E+04      0.000000E+00      0.283563E+04      0.000000E+00
  3.4055      0.198065E-11      0.833824E+02      0.000000E+00      0.200903E+03      0.000000E+00
  3.4095      0.585159E-11      0.281823E+02      0.000000E+00      0.638074E+02      0.000000E+00
  3.4135      0.116959E-10      0.140981E+02      0.000000E+00      0.305548E+02      0.000000E+00
  3.4175      0.194413E-10      0.847726E+01      0.000000E+00      0.182626E+02      0.000000E+00
  3.4215      0.290093E-10      0.566843E+01      0.000000E+00      0.126419E+02      0.000000E+00
  3.4254      0.403159E-10      0.406133E+01      0.000000E+00      0.961964E+01      0.000000E+00
  3.4294      0.532718E-10      0.305759E+01      0.000000E+00      0.770520E+01      0.000000E+00
  3.4334      0.677831E-10      0.239235E+01      0.000000E+00      0.628978E+01      0.000000E+00
  3.4374      0.837514E-10      0.193170E+01      0.000000E+00      0.512892E+01      0.000000E+00
  3.4414      0.101074E-09      0.160036E+01      0.000000E+00      0.414269E+01      0.000000E+00
  3.4454      0.119646E-09      0.135293E+01      0.000000E+00      0.332135E+01      0.000000E+00
  3.4494      0.139359E-09      0.116129E+01      0.000000E+00      0.267488E+01      0.000000E+00
  3.4534      0.160101E-09      0.100830E+01      0.000000E+00      0.220595E+01      0.000000E+00
  3.4574      0.181758E-09      0.883897E+00      0.000000E+00      0.189865E+01      0.000000E+00
  3.4614      0.204217E-09      0.782184E+00      0.000000E+00      0.171846E+01      0.000000E+00
  3.4653      0.227361E-09      0.699251E+00      0.000000E+00      0.161954E+01      0.000000E+00
  3.4693      0.251074E-09      0.631768E+00      0.000000E+00      0.155520E+01      0.000000E+00
  3.4733      0.275239E-09      0.576434E+00      0.000000E+00      0.148791E+01      0.000000E+00
  3.4773      0.299740E-09      0.530076E+00      0.000000E+00      0.139600E+01      0.000000E+00
  3.4813      0.324460E-09      0.490075E+00      0.000000E+00      0.127551E+01      0.000000E+00
  3.4853      0.349286E-09      0.454720E+00      0.000000E+00      0.113718E+01      0.000000E+00
  3.4893      0.374104E-09      0.423249E+00      0.000000E+00      0.100011E+01      0.000000E+00
  3.4933      0.398803E-09      0.395544E+00      0.000000E+00      0.884007E+00      0.000000E+00
  3.4973      0.423274E-09      0.371643E+00      0.000000E+00      0.802553E+00      0.000000E+00
  3.5013      0.447412E-09      0.351323E+00      0.000000E+00      0.759414E+00      0.000000E+00
  3.5052      0.471113E-09      0.333952E+00      0.000000E+00      0.747888E+00      0.000000E+00
  3.5092      0.494278E-09      0.318632E+00      0.000000E+00      0.753798E+00      0.000000E+00
  3.5132      0.516812E-09      0.304528E+00      0.000000E+00      0.760441E+00      0.000000E+00
  3.5172      0.538623E-09      0.291169E+00      0.000000E+00      0.753888E+00      0.000000E+00
  3.5212      0.559624E-09      0.278564E+00      0.000000E+00      0.726990E+00      0.000000E+00
  3.5252      0.579733E-09      0.267064E+00      0.000000E+00      0.680940E+00      0.000000E+00
  3.5292      0.598872E-09      0.257072E+00      0.000000E+00      0.624121E+00      0.000000E+00
  3.5332      0.616967E-09      0.248763E+00      0.000000E+00      0.568771E+00      0.000000E+00
  3.5372      0.633954E-09      0.241953E+00      0.000000E+00      0.526672E+00      0.000000E+00
  3.5412      0.649768E-09      0.236190E+00      0.000000E+00      0.505266E+00      0.000000E+00
  3.5451      0.664356E-09      0.230978E+00      0.000000E+00      0.505408E+00      0.000000E+00
  3.5491      0.677665E-09      0.226021E+00      0.000000E+00      0.521371E+00      0.000000E+00
  3.5531      0.689653E-09      0.221333E+00      0.000000E+00      0.542992E+00      0.000000E+00
  3.5571      0.700280E-09      0.217174E+00      0.000000E+00      0.559171E+00      0.000000E+00
  3.5611      0.709513E-09      0.213846E+00      0.000000E+00      0.561537E+00      0.000000E+00
  3.5651      0.717328E-09      0.211482E+00      0.000000E+00      0.547085E+00      0.000000E+00
  3.5691      0.723702E-09      0.209950E+00      0.000000E+00      0.518981E+00      0.000000E+00
  3.5731      0.728622E-09      0.208906E+00      0.000000E+00      0.485300E+00      0.000000E+00
  3.5771      0.732079E-09      0.207985E+00      0.000000E+00      0.456191E+00      0.000000E+00
  3.5811      0.734072E-09      0.206992E+00      0.000000E+00      0.440405E+00      0.000000E+00
  3.5850      0.734602E-09      0.205998E+00      0.000000E+00      0.442358E+00      0.000000E+00
  3.5890      0.733680E-09      0.205282E+00      0.000000E+00      0.460674E+00      0.000000E+00
  3.5930      0.731321E-09      0.205154E+00      0.000000E+00      0.488682E+00      0.000000E+00
  3.5970      0.727543E-09      0.205767E+00      0.000000E+00      0.516689E+00      0.000000E+00
  3.6010      0.722373E-09      0.207023E+00      0.000000E+00      0.535276E+00      0.000000E+00
  3.6050      0.715842E-09      0.208628E+00      0.000000E+00      0.538510E+00      0.000000E+00
  3.6090      0.707985E-09      0.210272E+00      0.000000E+00      0.526016E+00      0.000000E+00
  3.6130      0.698843E-09      0.211818E+00      0.000000E+00      0.503201E+00      0.000000E+00
  3.6170      0.688459E-09      0.213403E+00      0.000000E+00      0.479520E+00      0.000000E+00
  3.6210      0.676884E-09      0.215386E+00      0.000000E+00      0.465350E+00      0.000000E+00
  3.6249      0.664170E-09      0.218180E+00      0.000000E+00      0.468468E+00      0.000000E+00
  3.6289      0.650374E-09      0.222046E+00      0.000000E+00      0.491326E+00      0.000000E+00
  3.6329      0.635556E-09      0.226987E+00      0.000000E+00      0.530053E+00      0.000000E+00
  3.6369      0.619779E-09      0.232788E+00      0.000000E+00      0.575580E+00      0.000000E+00
  3.6409      0.603111E-09      0.239179E+00      0.000000E+00      0.616590E+00      0.000000E+00
  3.6449      0.585619E-09      0.246034E+00      0.000000E+00      0.643372E+00      0.000000E+00
  3.6489      0.567374E-09      0.253481E+00      0.000000E+00      0.651318E+00      0.000000E+00
  3.6529      0.548450E-09      0.261865E+00      0.000000E+00      0.642859E+00      0.000000E+00
  3.6569      0.528922E-09      0.271577E+00      0.000000E+00      0.627101E+00      0.000000E+00
  3.6609      0.508865E-09      0.282850E+00      0.000000E+00      0.617155E+00      0.000000E+00
  3.6648      0.488356E-09      0.295655E+00      0.000000E+00      0.625913E+00      0.000000E+00
  3.6688      0.467473E-09      0.309745E+00      0.000000E+00      0.661605E+00      0.000000E+00
  3.6728      0.446295E-09      0.324863E+00      0.000000E+00      0.724638E+00      0.000000E+00
  3.6768      0.424899E-09      0.340969E+00      0.000000E+00      0.806891E+00      0.000000E+00
  3.6808      0.403363E-09      0.358390E+00      0.000000E+00      0.893917E+00      0.000000E+00
  3.6848      0.381765E-09      0.377781E+00      0.000000E+00      0.969578E+00      0.000000E+00
  3.6888      0.360182E-09      0.399926E+00      0.000000E+00      0.102176E+01      0.000000E+00
  3.6928      0.338689E-09      0.425485E+00      0.000000E+00      0.104736E+01      0.000000E+00
  3.6968      0.317360E-09      0.454845E+00      0.000000E+00      0.105480E+01      0.000000E+00
  3.7008      0.296267E-09      0.488165E+00      0.000000E+00      0.106289E+01      0.000000E+00
  3.7047      0.275482E-09      0.525622E+00      0.000000E+00      0.109606E+01      0.000000E+00
  3.7087      0.255073E-09      0.567712E+00      0.000000E+00      0.117713E+01      0.000000E+00
  3.7127      0.235106E-09      0.615464E+00      0.000000E+00      0.131967E+01      0.000000E+00
  3.7167      0.215643E-09      0.670429E+00      0.000000E+00      0.152255E+01      0.000000E+00
  3.7207      0.196748E-09      0.734471E+00      0.000000E+00      0.176883E+01      0.000000E+00
  3.7247      0.178475E-09      0.809502E+00      0.000000E+00      0.203011E+01      0.000000E+00
  3.7287      0.160881E-09      0.897410E+00      0.000000E+00      0.227591E+01      0.000000E+00
  3.7327      0.144016E-09      0.100033E+01      0.000000E+00      0.248599E+01      0.000000E+00
  3.7367      0.127929E-09      0.112134E+01      0.000000E+00      0.266245E+01      0.000000E+00
  3.7407      0.112662E-09      0.126535E+01      0.000000E+00      0.283799E+01      0.000000E+00
  3.7446      0.982560E-10      0.144012E+01      0.000000E+00      0.307741E+01      0.000000E+00
  3.7486      0.847478E-10      0.165711E+01      0.000000E+00      0.347114E+01      0.000000E+00
  3.7526      0.721695E-10      0.193248E+01      0.000000E+00      0.412212E+01      0.000000E+00
  3.7566      0.605496E-10      0.228883E+01      0.000000E+00      0.512993E+01      0.000000E+00
  3.7606      0.499124E-10      0.275894E+01      0.000000E+00      0.657886E+01      0.000000E+00
  3.7646      0.402781E-10      0.339394E+01      0.000000E+00      0.853925E+01      0.000000E+00
  3.7686      0.316628E-10      0.428001E+01      0.000000E+00      0.110957E+02      0.000000E+00
  3.7726      0.240786E-10      0.557349E+01      0.000000E+00      0.144261E+02      0.000000E+00
  3.7766      0.175332E-10      0.757975E+01      0.000000E+00      0.189877E+02      0.000000E+00
  3.7806      0.120304E-10      0.109532E+02      0.000000E+00      0.259784E+02      0.000000E+00
  3.7845      0.757002E-11      0.172970E+02      0.000000E+00      0.386870E+02      0.000000E+00
  3.7885      0.414766E-11      0.314420E+02      0.000000E+00      0.675890E+02      0.000000E+00
  3.7925      0.175517E-11      0.741292E+02      0.000000E+00      0.158922E+03      0.000000E+00
  3.7965      0.380510E-12      0.341441E+03      0.000000E+00      0.758984E+03      0.000000E+00
  3.8005      0.791223E-14      0.164007E+05      0.000000E+00      0.386997E+05      0.000000E+00
  3.8045      0.617988E-12      0.209748E+03      0.000000E+00      0.525633E+03      0.000000E+00
  3.8085      0.218785E-11      0.591988E+02      0.000000E+00      0.154502E+03      0.000000E+00
  3.8125      0.469126E-11      0.276013E+02      0.000000E+00      0.726990E+02      0.000000E+00
  3.8165      0.809875E-11      0.159912E+02      0.000000E+00      0.410849E+02      0.000000E+00
  3.8205      0.123778E-10      0.104642E+02      0.000000E+00      0.255193E+02      0.000000E+00
  3.8244      0.174931E-10      0.739986E+01      0.000000E+00      0.169324E+02      0.000000E+00
  3.8284      0.234064E-10      0.552090E+01      0.000000E+00      0.119790E+02      0.000000E+00
  3.8324      0.300771E-10      0.428486E+01      0.000000E+00      0.910006E+01      0.000000E+00
  3.8364      0.374623E-10      0.342965E+01      0.000000E+00      0.742626E+01      0.000000E+00
  3.8404      0.455169E-10      0.281516E+01      0.000000E+00      0.641539E+01      0.000000E+00
  3.8444      0.541938E-10      0.235980E+01      0.000000E+00      0.571995E+01      0.000000E+00
  3.8484      0.634444E-10      0.201273E+01      0.000000E+00      0.513144E+01      0.000000E+00
  3.8524      0.732182E-10      0.174097E+01      0.000000E+00      0.454821E+01      0.000000E+00
  3.8564      0.834637E-10      0.152293E+01      0.000000E+00      0.394736E+01      0.000000E+00
  3.8604      0.941284E-10      0.134477E+01      0.000000E+00      0.335578E+01      0.000000E+00
  3.8643      0.105159E-09      0.119768E+01      0.000000E+00      0.282146E+01      0.000000E+00
  3.8683      0.116500E-09      0.107585E+01      0.000000E+00      0.238907E+01      0.000000E+00
  3.8723      0.128099E-09      0.974883E+00      0.000000E+00      0.208310E+01      0.000000E+00
  3.8763      0.139899E-09      0.890851E+00      0.000000E+00      0.190090E+01      0.000000E+00
  3.8803      0.151847E-09      0.820036E+00      0.000000E+00      0.181512E+01      0.000000E+00
  3.8843      0.163888E-09      0.759149E+00      0.000000E+00      0.178334E+01      0.000000E+00
  3.8883      0.175967E-09      0.705697E+00      0.000000E+00      0.176097E+01      0.000000E+00
  3.8923      0.188032E-09      0.658202E+00      0.000000E+00      0.171333E+01      0.000000E+00
  3.8963      0.200028E-09      0.616095E+00      0.000000E+00      0.162355E+01      0.000000E+00
  3.9003      0.211906E-09      0.579312E+00      0.000000E+00      0.149451E+01      0.000000E+00
  3.9042      0.223614E-09      0.547798E+00      0.000000E+00      0.134483E+01      0.000000E+00
  3.9082      0.235103E-09      0.521145E+00      0.000000E+00      0.120078E+01      0.000000E+00
  3.9122      0.246325E-09      0.498514E+00      0.000000E+00      0.108686E+01      0.000000E+00
  3.9162      0.257236E-09      0.478838E+00      0.000000E+00      0.101794E+01      0.000000E+00
  3.9202      0.267791E-09      0.461146E+00      0.000000E+00      0.995197E+00      0.000000E+00
  3.9242      0.277947E-09      0.444821E+00      0.000000E+00      0.100668E+01      0.000000E+00
  3.9282      0.287667E-09      0.429660E+00      0.000000E+00      0.103200E+01      0.000000E+00
  3.9322      0.296910E-09      0.415725E+00      0.000000E+00      0.104927E+01      0.000000E+00
  3.9362      0.305644E-09      0.403092E+00      0.000000E+00      0.104210E+01      0.000000E+00
  3.9402      0.313835E-09      0.391679E+00      0.000000E+00      0.100434E+01      0.000000E+00
  3.9441      0.321453E-09      0.381221E+00      0.000000E+00      0.941329E+00      0.000000E+00
  3.9481      0.328471E-09      0.371424E+00      0.000000E+00      0.867390E+00      0.000000E+00
  3.9521      0.334864E-09      0.362166E+00      0.000000E+00      0.800602E+00      0.000000E+00
  3.9561      0.340610E-09      0.353614E+00      0.000000E+00      0.756641E+00      0.000000E+00
  3.9601      0.345691E-09      0.346159E+00      0.000000E+00      0.743696E+00      0.000000E+00
  3.9641      0.350091E-09      0.340201E+00      0.000000E+00      0.760023E+00      0.000000E+00
  3.9681      0.353796E-09      0.335890E+00      0.000000E+00      0.794836E+00      0.000000E+00
  3.9721      0.356795E-09      0.332978E+00      0.000000E+00      0.832130E+00      0.000000E+00
  3.9761      0.359083E-09      0.330887E+00      0.000000E+00      0.856092E+00      0.000000E+00
  3.9801      0.360654E-09      0.328962E+00      0.000000E+00      0.856329E+00      0.000000E+00
  3.9840      0.361506E-09      0.326788E+00      0.000000E+00      0.831192E+00      0.000000E+00
  3.9880      0.361642E-09      0.324398E+00      0.000000E+00      0.788171E+00      0.000000E+00
  3.9920      0.361065E-09      0.322252E+00      0.000000E+00      0.741260E+00      0.000000E+00
  3.9960      0.359782E-09      0.320999E+00      0.000000E+00      0.706200E+00      0.000000E+00
  4.0000      0.357803E-09      0.321146E+00      0.000000E+00      0.695188E+00      0.000000E+00
