 
 # Omega; pulse ft; flux at t= ... 
     #                                     200.00000                           150.00000                           100.00000                            50.00000
 
  0.0100      0.130962E-11      0.190433E+05     -0.258711E-08      0.249394E-07     -0.338813E-20
  0.0140      0.530375E-11      0.480121E+04      0.000000E+00      0.254644E-07      0.000000E+00
  0.0180      0.129031E-10      0.197300E+04     -0.262582E-09      0.254579E-07     -0.338813E-20
  0.0220      0.250041E-10      0.100072E+04      0.000000E+00      0.250221E-07      0.000000E+00
  0.0260      0.424378E-10      0.572691E+03     -0.798376E-10      0.243037E-07     -0.338813E-20
  0.0300      0.659469E-10      0.355696E+03      0.000000E+00      0.234570E-07      0.000000E+00
  0.0339      0.961693E-10      0.235096E+03      0.000000E+00      0.226090E-07      0.000000E+00
  0.0379      0.133624E-09      0.163434E+03     -0.253558E-10      0.218386E-07     -0.338813E-20
  0.0419      0.178696E-09      0.118491E+03      0.000000E+00      0.211739E-07      0.000000E+00
  0.0459      0.231631E-09      0.889574E+02      0.000000E+00      0.206053E-07      0.000000E+00
  0.0499      0.292520E-09      0.687391E+02     -0.115826E-10      0.201076E-07     -0.338813E-20
  0.0539      0.361294E-09      0.544121E+02     -0.937776E-11      0.196588E-07     -0.338813E-20
  0.0579      0.437719E-09      0.439800E+02      0.000000E+00      0.192509E-07      0.000000E+00
  0.0619      0.521391E-09      0.362284E+02      0.000000E+00      0.188892E-07      0.000000E+00
  0.0659      0.611733E-09      0.303796E+02     -0.553858E-11      0.185842E-07     -0.338813E-20
  0.0699      0.708000E-09      0.259081E+02      0.000000E+00      0.183429E-07      0.000000E+00
  0.0738      0.809275E-09      0.224444E+02      0.000000E+00      0.181637E-07      0.000000E+00
  0.0778      0.914481E-09      0.197237E+02     -0.370498E-11      0.180370E-07     -0.338813E-20
  0.0818      0.102238E-08      0.175569E+02      0.000000E+00      0.179499E-07      0.000000E+00
  0.0858      0.113161E-08      0.158091E+02      0.000000E+00      0.178897E-07      0.000000E+00
  0.0898      0.124064E-08      0.143842E+02     -0.273096E-11      0.178455E-07     -0.338813E-20
  0.0938      0.134785E-08      0.132111E+02      0.000000E+00      0.178066E-07      0.000000E+00
  0.0978      0.145153E-08      0.122356E+02      0.000000E+00      0.177603E-07      0.000000E+00
  0.1018      0.154987E-08      0.114159E+02      0.000000E+00      0.176931E-07      0.000000E+00
  0.1058      0.164103E-08      0.107220E+02     -0.206463E-11      0.175951E-07     -0.338813E-20
  0.1098      0.172315E-08      0.101355E+02      0.000000E+00      0.174650E-07      0.000000E+00
  0.1137      0.179436E-08      0.964869E+01      0.000000E+00      0.173132E-07      0.000000E+00
  0.1177      0.185286E-08      0.926125E+01      0.000000E+00      0.171598E-07      0.000000E+00
  0.1217      0.189692E-08      0.897573E+01      0.000000E+00      0.170263E-07      0.000000E+00
  0.1257      0.192494E-08      0.879324E+01      0.000000E+00      0.169264E-07      0.000000E+00
  0.1297      0.193547E-08      0.871146E+01     -0.175055E-11      0.168608E-07     -0.338813E-20
  0.1337      0.192730E-08      0.872596E+01     -0.175796E-11      0.168176E-07     -0.338813E-20
  0.1377      0.189949E-08      0.883458E+01      0.000000E+00      0.167812E-07      0.000000E+00
  0.1417      0.185139E-08      0.904295E+01     -0.183005E-11      0.167421E-07     -0.338813E-20
  0.1457      0.178276E-08      0.936930E+01     -0.190049E-11      0.167032E-07     -0.338813E-20
  0.1497      0.169379E-08      0.984713E+01      0.000000E+00      0.166790E-07      0.000000E+00
  0.1536      0.158517E-08      0.105264E+02      0.000000E+00      0.166861E-07      0.000000E+00
  0.1576      0.145817E-08      0.114755E+02      0.000000E+00      0.167332E-07      0.000000E+00
  0.1616      0.131468E-08      0.127901E+02      0.000000E+00      0.168148E-07      0.000000E+00
  0.1656      0.115732E-08      0.146143E+02      0.000000E+00      0.169134E-07      0.000000E+00
  0.1696      0.989511E-09      0.171902E+02      0.000000E+00      0.170099E-07      0.000000E+00
  0.1736      0.815519E-09      0.209620E+02     -0.415457E-11      0.170949E-07     -0.338813E-20
  0.1776      0.640573E-09      0.268115E+02     -0.528922E-11      0.171747E-07     -0.338813E-20
  0.1816      0.470930E-09      0.366669E+02      0.000000E+00      0.172676E-07      0.000000E+00
  0.1856      0.313970E-09      0.553954E+02      0.000000E+00      0.173925E-07      0.000000E+00
  0.1896      0.178281E-09      0.984781E+02      0.000000E+00      0.175568E-07      0.000000E+00
  0.1935      0.737502E-10      0.240683E+03      0.000000E+00      0.177504E-07      0.000000E+00
  0.1975      0.116570E-10      0.153996E+04     -0.290653E-09      0.179513E-07     -0.338813E-20
  0.2015      0.476852E-11      0.380369E+04     -0.710521E-09      0.181380E-07     -0.338813E-20
  0.2055      0.674356E-10      0.271424E+03      0.000000E+00      0.183036E-07      0.000000E+00
  0.2095      0.215691E-09      0.855880E+02     -0.157083E-10      0.184605E-07     -0.338813E-20
  0.2135      0.467347E-09      0.398712E+02      0.000000E+00      0.186337E-07      0.000000E+00
  0.2175      0.842101E-09      0.223793E+02      0.000000E+00      0.188457E-07      0.000000E+00
  0.2215      0.136163E-08      0.140288E+02      0.000000E+00      0.191021E-07      0.000000E+00
  0.2255      0.204970E-08      0.945863E+01     -0.165299E-11      0.193874E-07     -0.338813E-20
  0.2295      0.293226E-08      0.670919E+01     -0.115547E-11      0.196731E-07     -0.338813E-20
  0.2334      0.403756E-08      0.493750E+01      0.000000E+00      0.199354E-07      0.000000E+00
  0.2374      0.539623E-08      0.373784E+01      0.000000E+00      0.201702E-07      0.000000E+00
  0.2414      0.704141E-08      0.289672E+01     -0.481172E-12      0.203970E-07     -0.338813E-20
  0.2454      0.900884E-08      0.229197E+01      0.000000E+00      0.206480E-07      0.000000E+00
  0.2494      0.113370E-07      0.184784E+01      0.000000E+00      0.209488E-07      0.000000E+00
  0.2534      0.140670E-07      0.151434E+01      0.000000E+00      0.213022E-07      0.000000E+00
  0.2574      0.172431E-07      0.125761E+01     -0.196492E-12      0.216851E-07     -0.338813E-20
  0.2614      0.209125E-07      0.105500E+01      0.000000E+00      0.220627E-07      0.000000E+00
  0.2654      0.251253E-07      0.891912E+00      0.000000E+00      0.224096E-07      0.000000E+00
  0.2694      0.299351E-07      0.759228E+00     -0.113183E-12      0.227276E-07     -0.338813E-20
  0.2733      0.353985E-07      0.651055E+00      0.000000E+00      0.230464E-07      0.000000E+00
  0.2773      0.415757E-07      0.563005E+00     -0.814930E-13      0.234074E-07     -0.338813E-20
  0.2813      0.485303E-07      0.491204E+00     -0.698147E-13      0.238383E-07     -0.338813E-20
  0.2853      0.563294E-07      0.432021E+00      0.000000E+00      0.243355E-07      0.000000E+00
  0.2893      0.650438E-07      0.382276E+00     -0.520900E-13      0.248647E-07     -0.338813E-20
  0.2933      0.747479E-07      0.339558E+00     -0.453274E-13      0.253812E-07     -0.338813E-20
  0.2973      0.855201E-07      0.302371E+00      0.000000E+00      0.258588E-07      0.000000E+00
  0.3013      0.974425E-07      0.269986E+00     -0.347706E-13      0.263081E-07     -0.338813E-20
  0.3053      0.110601E-06      0.242077E+00     -0.306338E-13      0.267740E-07     -0.338813E-20
  0.3093      0.125086E-06      0.218330E+00      0.000000E+00      0.273100E-07      0.000000E+00
  0.3132      0.140991E-06      0.198215E+00     -0.240308E-13      0.279466E-07     -0.338813E-20
  0.3172      0.158415E-06      0.180983E+00     -0.213877E-13      0.286705E-07     -0.338813E-20
  0.3212      0.177460E-06      0.165851E+00      0.000000E+00      0.294320E-07      0.000000E+00
  0.3252      0.198233E-06      0.152217E+00     -0.170917E-13      0.301744E-07     -0.338813E-20
  0.3292      0.220843E-06      0.139791E+00     -0.153418E-13      0.308720E-07     -0.338813E-20
  0.3332      0.245407E-06      0.128560E+00      0.000000E+00      0.315496E-07      0.000000E+00
  0.3372      0.272044E-06      0.118633E+00      0.000000E+00      0.322732E-07      0.000000E+00
  0.3412      0.300876E-06      0.110054E+00     -0.112609E-13      0.331128E-07     -0.338813E-20
  0.3452      0.332033E-06      0.102699E+00     -0.102042E-13      0.340996E-07     -0.338813E-20
  0.3492      0.365646E-06      0.962832E-01     -0.926616E-14      0.352055E-07     -0.338813E-20
  0.3531      0.401851E-06      0.904777E-01      0.000000E+00      0.363586E-07      0.000000E+00
  0.3571      0.440790E-06      0.850471E-01      0.000000E+00      0.374879E-07      0.000000E+00
  0.3611      0.482608E-06      0.799252E-01      0.000000E+00      0.385726E-07      0.000000E+00
  0.3651      0.527454E-06      0.751964E-01      0.000000E+00      0.396626E-07      0.000000E+00
  0.3691      0.575481E-06      0.709960E-01      0.000000E+00      0.408568E-07      0.000000E+00
  0.3731      0.626847E-06      0.673965E-01      0.000000E+00      0.422473E-07      0.000000E+00
  0.3771      0.681714E-06      0.643431E-01      0.000000E+00      0.438636E-07      0.000000E+00
  0.3811      0.740249E-06      0.616719E-01      0.000000E+00      0.456525E-07      0.000000E+00
  0.3851      0.802620E-06      0.591943E-01     -0.422134E-14      0.475105E-07     -0.338813E-20
  0.3891      0.869002E-06      0.567919E-01     -0.389888E-14      0.493523E-07     -0.338813E-20
  0.3930      0.939572E-06      0.544671E-01     -0.360604E-14      0.511757E-07     -0.338813E-20
  0.3970      0.101451E-05      0.523194E-01     -0.333967E-14      0.530787E-07     -0.338813E-20
  0.4010      0.109401E-05      0.504681E-01      0.000000E+00      0.552125E-07      0.000000E+00
  0.4050      0.117825E-05      0.489672E-01      0.000000E+00      0.576954E-07      0.000000E+00
  0.4090      0.126742E-05      0.477664E-01     -0.267325E-14      0.605400E-07     -0.338813E-20
  0.4130      0.136172E-05      0.467397E-01      0.000000E+00      0.636466E-07      0.000000E+00
  0.4170      0.146136E-05      0.457638E-01      0.000000E+00      0.668774E-07      0.000000E+00
  0.4210      0.156652E-05      0.447938E-01      0.000000E+00      0.701706E-07      0.000000E+00
  0.4250      0.167743E-05      0.438873E-01     -0.201984E-14      0.736177E-07     -0.338813E-20
  0.4290      0.179427E-05      0.431559E-01      0.000000E+00      0.774333E-07      0.000000E+00
  0.4329      0.191726E-05      0.426685E-01      0.000000E+00      0.818068E-07      0.000000E+00
  0.4369      0.204662E-05      0.423664E-01      0.000000E+00      0.867082E-07      0.000000E+00
  0.4409      0.218256E-05      0.420531E-01      0.000000E+00      0.917834E-07      0.000000E+00
  0.4449      0.232529E-05      0.414832E-01      0.000000E+00      0.964607E-07      0.000000E+00
  0.4489      0.247504E-05      0.405242E-01      0.000000E+00      0.100299E-06      0.000000E+00
  0.4529      0.263202E-05      0.393077E-01      0.000000E+00      0.103459E-06      0.000000E+00
  0.4569      0.279644E-05      0.382790E-01     -0.121159E-14      0.107045E-06     -0.338813E-20
  0.4609      0.296855E-05      0.380831E-01     -0.114134E-14      0.113051E-06     -0.338813E-20
  0.4649      0.314855E-05      0.393044E-01      0.000000E+00      0.123752E-06      0.000000E+00
  0.4689      0.333666E-05      0.421583E-01     -0.101542E-14      0.140668E-06     -0.338813E-20
  0.4728      0.353313E-05      0.462860E-01      0.000000E+00      0.163535E-06      0.000000E+00
  0.4768      0.373816E-05      0.507959E-01      0.000000E+00      0.189883E-06      0.000000E+00
  0.4808      0.395198E-05      0.546056E-01      0.000000E+00      0.215800E-06      0.000000E+00
  0.4848      0.417482E-05      0.570057E-01     -0.811564E-15      0.237988E-06     -0.338813E-20
  0.4888      0.440689E-05      0.582226E-01      0.000000E+00      0.256581E-06      0.000000E+00
  0.4928      0.464842E-05      0.596786E-01     -0.728878E-15      0.277411E-06     -0.338813E-20
  0.4968      0.489963E-05      0.636838E-01      0.000000E+00      0.312027E-06      0.000000E+00
  0.5008      0.516073E-05      0.724704E-01     -0.656522E-15      0.374000E-06     -0.338813E-20
  0.5048      0.543195E-05      0.867670E-01      0.000000E+00      0.471314E-06      0.000000E+00
  0.5088      0.571349E-05      0.104431E+00      0.000000E+00      0.596668E-06      0.000000E+00
  0.5127      0.600558E-05      0.119887E+00      0.000000E+00      0.719993E-06      0.000000E+00
  0.5167      0.630841E-05      0.125120E+00      0.000000E+00      0.789307E-06      0.000000E+00
  0.5207      0.662220E-05      0.112680E+00      0.000000E+00      0.746192E-06      0.000000E+00
  0.5247      0.694715E-05      0.805646E-01      0.000000E+00      0.559694E-06      0.000000E+00
  0.5287      0.728344E-05      0.380316E-01      0.000000E+00      0.277001E-06      0.000000E+00
  0.5327      0.763129E-05      0.107222E-01      0.000000E+00      0.818241E-07      0.000000E+00
  0.5367      0.799088E-05      0.430335E-01      0.000000E+00      0.343876E-06      0.000000E+00
  0.5407      0.836240E-05      0.195910E+00     -0.405163E-15      0.163828E-05     -0.338813E-20
  0.5447      0.874601E-05      0.539089E+00     -0.387392E-15      0.471488E-05     -0.338813E-20
  0.5487      0.914191E-05      0.113830E+01      0.000000E+00      0.104062E-04      0.000000E+00
  0.5526      0.955026E-05      0.203958E+01      0.000000E+00      0.194785E-04      0.000000E+00
  0.5566      0.997121E-05      0.325428E+01      0.000000E+00      0.324491E-04      0.000000E+00
  0.5606      0.104049E-04      0.474885E+01      0.000000E+00      0.494114E-04      0.000000E+00
  0.5646      0.108516E-04      0.644299E+01      0.000000E+00      0.699166E-04      0.000000E+00
  0.5686      0.113113E-04      0.821796E+01      0.000000E+00      0.929555E-04      0.000000E+00
  0.5726      0.117842E-04      0.993413E+01      0.000000E+00      0.117065E-03      0.000000E+00
  0.5766      0.122704E-04      0.114546E+02     -0.276123E-15      0.140552E-03     -0.338813E-20
  0.5806      0.127700E-04      0.126693E+02      0.000000E+00      0.161787E-03      0.000000E+00
  0.5846      0.132832E-04      0.135140E+02      0.000000E+00      0.179509E-03      0.000000E+00
  0.5886      0.138100E-04      0.139790E+02      0.000000E+00      0.193051E-03      0.000000E+00
  0.5925      0.143506E-04      0.141063E+02      0.000000E+00      0.202434E-03      0.000000E+00
  0.5965      0.149050E-04      0.139753E+02      0.000000E+00      0.208303E-03      0.000000E+00
  0.6005      0.154733E-04      0.136826E+02     -0.218966E-15      0.211715E-03     -0.338813E-20
  0.6045      0.160556E-04      0.133196E+02      0.000000E+00      0.213854E-03      0.000000E+00
  0.6085      0.166519E-04      0.129560E+02      0.000000E+00      0.215742E-03      0.000000E+00
  0.6125      0.172622E-04      0.126313E+02      0.000000E+00      0.218045E-03      0.000000E+00
  0.6165      0.178866E-04      0.123560E+02      0.000000E+00      0.221007E-03      0.000000E+00
  0.6205      0.185252E-04      0.121201E+02      0.000000E+00      0.224526E-03      0.000000E+00
  0.6245      0.191778E-04      0.119052E+02      0.000000E+00      0.228315E-03      0.000000E+00
  0.6285      0.198446E-04      0.116956E+02     -0.170734E-15      0.232094E-03     -0.338813E-20
  0.6324      0.205254E-04      0.114843E+02      0.000000E+00      0.235720E-03      0.000000E+00
  0.6364      0.212203E-04      0.112734E+02      0.000000E+00      0.239226E-03      0.000000E+00
  0.6404      0.219293E-04      0.110701E+02      0.000000E+00      0.242760E-03      0.000000E+00
  0.6444      0.226522E-04      0.108806E+02      0.000000E+00      0.246469E-03      0.000000E+00
  0.6484      0.233891E-04      0.107054E+02     -0.144859E-15      0.250389E-03     -0.338813E-20
  0.6524      0.241398E-04      0.105386E+02      0.000000E+00      0.254399E-03      0.000000E+00
  0.6564      0.249042E-04      0.103703E+02      0.000000E+00      0.258266E-03      0.000000E+00
  0.6604      0.256823E-04      0.101921E+02      0.000000E+00      0.261756E-03      0.000000E+00
  0.6644      0.264740E-04      0.100008E+02      0.000000E+00      0.264760E-03      0.000000E+00
  0.6684      0.272790E-04      0.980136E+01     -0.124203E-15      0.267371E-03     -0.338813E-20
  0.6723      0.280973E-04      0.960471E+01      0.000000E+00      0.269866E-03      0.000000E+00
  0.6763      0.289286E-04      0.942293E+01      0.000000E+00      0.272592E-03      0.000000E+00
  0.6803      0.297729E-04      0.926377E+01      0.000000E+00      0.275810E-03      0.000000E+00
  0.6843      0.306300E-04      0.912675E+01      0.000000E+00      0.279552E-03      0.000000E+00
  0.6883      0.314995E-04      0.900281E+01     -0.107561E-15      0.283584E-03     -0.338813E-20
  0.6923      0.323814E-04      0.887796E+01      0.000000E+00      0.287481E-03      0.000000E+00
  0.6963      0.332754E-04      0.873917E+01      0.000000E+00      0.290799E-03      0.000000E+00
  0.7003      0.341813E-04      0.858011E+01      0.000000E+00      0.293279E-03      0.000000E+00
  0.7043      0.350987E-04      0.840410E+01      0.000000E+00      0.294973E-03      0.000000E+00
  0.7083      0.360275E-04      0.822290E+01      0.000000E+00      0.296251E-03      0.000000E+00
  0.7122      0.369673E-04      0.805185E+01     -0.916521E-16      0.297655E-03     -0.338813E-20
  0.7162      0.379179E-04      0.790330E+01      0.000000E+00      0.299676E-03      0.000000E+00
  0.7202      0.388789E-04      0.778140E+01      0.000000E+00      0.302532E-03      0.000000E+00
  0.7242      0.398500E-04      0.768031E+01      0.000000E+00      0.306060E-03      0.000000E+00
  0.7282      0.408308E-04      0.758672E+01     -0.829797E-16      0.309772E-03     -0.338813E-20
  0.7322      0.418211E-04      0.748555E+01      0.000000E+00      0.313054E-03      0.000000E+00
  0.7362      0.428204E-04      0.736638E+01      0.000000E+00      0.315432E-03      0.000000E+00
  0.7402      0.438284E-04      0.722774E+01      0.000000E+00      0.316781E-03      0.000000E+00
  0.7442      0.448447E-04      0.707742E+01      0.000000E+00      0.317385E-03      0.000000E+00
  0.7482      0.458688E-04      0.692874E+01      0.000000E+00      0.317813E-03      0.000000E+00
  0.7521      0.469004E-04      0.679457E+01     -0.722410E-16      0.318668E-03     -0.338813E-20
  0.7561      0.479390E-04      0.668165E+01      0.000000E+00      0.320312E-03      0.000000E+00
  0.7601      0.489842E-04      0.658783E+01      0.000000E+00      0.322700E-03      0.000000E+00
  0.7641      0.500355E-04      0.650340E+01      0.000000E+00      0.325401E-03      0.000000E+00
  0.7681      0.510924E-04      0.641573E+01      0.000000E+00      0.327795E-03      0.000000E+00
  0.7721      0.521545E-04      0.631517E+01      0.000000E+00      0.329365E-03      0.000000E+00
  0.7761      0.532213E-04      0.619935E+01      0.000000E+00      0.329938E-03      0.000000E+00
  0.7801      0.542923E-04      0.607403E+01      0.000000E+00      0.329773E-03      0.000000E+00
  0.7841      0.553669E-04      0.595014E+01     -0.305971E-16      0.329441E-03     -0.169407E-20
  0.7881      0.564447E-04      0.583849E+01      0.000000E+00      0.329552E-03      0.000000E+00
  0.7920      0.575250E-04      0.574457E+01      0.000000E+00      0.330456E-03      0.000000E+00
  0.7960      0.586075E-04      0.566598E+01      0.000000E+00      0.332069E-03      0.000000E+00
  0.8000      0.596915E-04      0.559361E+01      0.000000E+00      0.333891E-03      0.000000E+00
  0.8040      0.607764E-04      0.551601E+01      0.000000E+00      0.335243E-03      0.000000E+00
  0.8080      0.618617E-04      0.542479E+01     -0.273847E-16      0.335587E-03     -0.169407E-20
  0.8120      0.629468E-04      0.531863E+01     -0.269126E-16      0.334791E-03     -0.169407E-20
  0.8160      0.640312E-04      0.520386E+01      0.000000E+00      0.333209E-03      0.000000E+00
  0.8200      0.651142E-04      0.509140E+01      0.000000E+00      0.331523E-03      0.000000E+00
  0.8240      0.661953E-04      0.499160E+01      0.000000E+00      0.330421E-03      0.000000E+00
  0.8280      0.672738E-04      0.490927E+01      0.000000E+00      0.330265E-03      0.000000E+00
  0.8319      0.683492E-04      0.484140E+01      0.000000E+00      0.330906E-03      0.000000E+00
  0.8359      0.694208E-04      0.477864E+01     -0.244028E-16      0.331737E-03     -0.169407E-20
  0.8399      0.704880E-04      0.470973E+01      0.000000E+00      0.331980E-03      0.000000E+00
  0.8439      0.715503E-04      0.462688E+01      0.000000E+00      0.331054E-03      0.000000E+00
  0.8479      0.726069E-04      0.452942E+01      0.000000E+00      0.328867E-03      0.000000E+00
  0.8519      0.736572E-04      0.442405E+01      0.000000E+00      0.325863E-03      0.000000E+00
  0.8559      0.747007E-04      0.432154E+01      0.000000E+00      0.322822E-03      0.000000E+00
  0.8599      0.757367E-04      0.423148E+01     -0.223678E-16      0.320478E-03     -0.169407E-20
  0.8639      0.767645E-04      0.415759E+01      0.000000E+00      0.319155E-03      0.000000E+00
  0.8679      0.777836E-04      0.409596E+01      0.000000E+00      0.318598E-03      0.000000E+00
  0.8718      0.787933E-04      0.403692E+01     -0.215001E-16      0.318082E-03     -0.169407E-20
  0.8758      0.797929E-04      0.396976E+01      0.000000E+00      0.316759E-03      0.000000E+00
  0.8798      0.807819E-04      0.388798E+01      0.000000E+00      0.314079E-03      0.000000E+00
  0.8838      0.817597E-04      0.379242E+01      0.000000E+00      0.310067E-03      0.000000E+00
  0.8878      0.827255E-04      0.369087E+01      0.000000E+00      0.305329E-03      0.000000E+00
  0.8918      0.836788E-04      0.359421E+01     -0.202449E-16      0.300759E-03     -0.169407E-20
  0.8958      0.846190E-04      0.351108E+01      0.000000E+00      0.297104E-03      0.000000E+00
  0.8998      0.855454E-04      0.344353E+01      0.000000E+00      0.294578E-03      0.000000E+00
  0.9038      0.864575E-04      0.338601E+01     -0.195942E-16      0.292746E-03     -0.169407E-20
  0.9078      0.873546E-04      0.332801E+01      0.000000E+00      0.290717E-03      0.000000E+00
  0.9117      0.882362E-04      0.325922E+01      0.000000E+00      0.287581E-03      0.000000E+00
  0.9157      0.891016E-04      0.317459E+01     -0.190127E-16      0.282861E-03     -0.169407E-20
  0.9197      0.899504E-04      0.307685E+01      0.000000E+00      0.276764E-03      0.000000E+00
  0.9237      0.907818E-04      0.297513E+01     -0.186609E-16      0.270088E-03     -0.169407E-20
  0.9277      0.915954E-04      0.288042E+01     -0.184951E-16      0.263834E-03     -0.169407E-20
  0.9317      0.923905E-04      0.280007E+01      0.000000E+00      0.258700E-03      0.000000E+00
  0.9357      0.931668E-04      0.273403E+01     -0.181832E-16      0.254721E-03     -0.169407E-20
  0.9397      0.939235E-04      0.267484E+01      0.000000E+00      0.251231E-03      0.000000E+00
  0.9437      0.946602E-04      0.261123E+01      0.000000E+00      0.247180E-03      0.000000E+00
  0.9477      0.953764E-04      0.253372E+01     -0.888095E-17      0.241657E-03     -0.847033E-21
  0.9516      0.960715E-04      0.243935E+01     -0.881669E-17      0.234352E-03     -0.847033E-21
  0.9556      0.967451E-04      0.233312E+01     -0.875530E-17      0.225718E-03     -0.847033E-21
  0.9596      0.973968E-04      0.222544E+01     -0.173934E-16      0.216751E-03     -0.169407E-20
  0.9636      0.980260E-04      0.212682E+01     -0.172818E-16      0.208484E-03     -0.169407E-20
  0.9676      0.986322E-04      0.204246E+01     -0.171756E-16      0.201453E-03     -0.169407E-20
  0.9716      0.992152E-04      0.196958E+01      0.000000E+00      0.195412E-03      0.000000E+00
  0.9756      0.997744E-04      0.189871E+01     -0.169790E-16      0.189443E-03     -0.169407E-20
  0.9796      0.100309E-03      0.181847E+01     -0.168884E-16      0.182410E-03     -0.169407E-20
  0.9836      0.100820E-03      0.172125E+01      0.000000E+00      0.173536E-03      0.000000E+00
  0.9876      0.101305E-03      0.160691E+01      0.000000E+00      0.162789E-03      0.000000E+00
  0.9915      0.101766E-03      0.148265E+01     -0.166467E-16      0.150883E-03     -0.169407E-20
  0.9955      0.102200E-03      0.135906E+01      0.000000E+00      0.138896E-03      0.000000E+00
  0.9995      0.102609E-03      0.124462E+01      0.000000E+00      0.127709E-03      0.000000E+00
  1.0035      0.102992E-03      0.114163E+01      0.000000E+00      0.117578E-03      0.000000E+00
  1.0075      0.103348E-03      0.104573E+01      0.000000E+00      0.108073E-03      0.000000E+00
  1.0115      0.103677E-03      0.949144E+00      0.000000E+00      0.984041E-04      0.000000E+00
  1.0155      0.103979E-03      0.845566E+00      0.000000E+00      0.879210E-04      0.000000E+00
  1.0195      0.104254E-03      0.733485E+00     -0.162494E-16      0.764685E-04     -0.169407E-20
  1.0235      0.104501E-03      0.615820E+00      0.000000E+00      0.643539E-04      0.000000E+00
  1.0275      0.104721E-03      0.496246E+00      0.000000E+00      0.519673E-04      0.000000E+00
  1.0314      0.104913E-03      0.375577E+00     -0.161474E-16      0.394028E-04     -0.169407E-20
  1.0354      0.105077E-03      0.253079E+00      0.000000E+00      0.265927E-04      0.000000E+00
  1.0394      0.105212E-03      0.136240E+00     -0.161014E-16      0.143342E-04     -0.169407E-20
  1.0434      0.105320E-03      0.583308E-01     -0.160850E-16      0.614340E-05     -0.169407E-20
  1.0474      0.105399E-03      0.976080E-01     -0.160729E-16      0.102878E-04     -0.169407E-20
  1.0514      0.105450E-03      0.387791E+00      0.000000E+00      0.408926E-04      0.000000E+00
  1.0554      0.105472E-03      0.110916E+01     -0.160617E-16      0.116986E-03     -0.169407E-20
  1.0594      0.105466E-03      0.245454E+01     -0.160626E-16      0.258872E-03     -0.169407E-20
  1.0634      0.105432E-03      0.457354E+01      0.000000E+00      0.482196E-03      0.000000E+00
  1.0674      0.105369E-03      0.750868E+01      0.000000E+00      0.791179E-03      0.000000E+00
  1.0713      0.105277E-03      0.111442E+02     -0.804575E-17      0.117323E-02     -0.847033E-21
  1.0753      0.105157E-03      0.151889E+02     -0.805492E-17      0.159722E-02     -0.847033E-21
  1.0793      0.105009E-03      0.192058E+02     -0.806629E-17      0.201678E-02     -0.847033E-21
  1.0833      0.104833E-03      0.226885E+02     -0.807986E-17      0.237850E-02     -0.847033E-21
  1.0873      0.104628E-03      0.251680E+02     -0.809565E-17      0.263328E-02     -0.847033E-21
  1.0913      0.104396E-03      0.263196E+02     -0.811368E-17      0.274765E-02     -0.847033E-21
  1.0953      0.104135E-03      0.260412E+02     -0.813396E-17      0.271180E-02     -0.847033E-21
  1.0993      0.103847E-03      0.244762E+02     -0.815652E-17      0.254179E-02     -0.847033E-21
  1.1033      0.103532E-03      0.219756E+02     -0.818136E-17      0.227518E-02     -0.847033E-21
  1.1073      0.103189E-03      0.190080E+02     -0.820852E-17      0.196143E-02     -0.847033E-21
  1.1112      0.102820E-03      0.160465E+02     -0.164761E-16      0.164989E-02     -0.169407E-20
  1.1152      0.102424E-03      0.134644E+02     -0.826991E-17      0.137907E-02     -0.847033E-21
  1.1192      0.102001E-03      0.114696E+02     -0.830418E-17      0.116991E-02     -0.847033E-21
  1.1232      0.101552E-03      0.100917E+02     -0.166818E-16      0.102483E-02     -0.169407E-20
  1.1272      0.101077E-03      0.921878E+01     -0.167602E-16      0.931806E-03     -0.169407E-20
  1.1312      0.100577E-03      0.866613E+01     -0.842177E-17      0.871609E-03     -0.847033E-21
  1.1352      0.100051E-03      0.825016E+01      0.000000E+00      0.825437E-03      0.000000E+00
  1.1392      0.995006E-04      0.784319E+01      0.000000E+00      0.780402E-03      0.000000E+00
  1.1432      0.989258E-04      0.739549E+01     -0.171246E-16      0.731605E-03     -0.169407E-20
  1.1472      0.983268E-04      0.692422E+01      0.000000E+00      0.680837E-03      0.000000E+00
  1.1511      0.977043E-04      0.648081E+01     -0.173387E-16      0.633203E-03     -0.169407E-20
  1.1551      0.970585E-04      0.611404E+01      0.000000E+00      0.593420E-03      0.000000E+00
  1.1591      0.963900E-04      0.584434E+01     -0.175751E-16      0.563336E-03     -0.169407E-20
  1.1631      0.956991E-04      0.565718E+01     -0.177020E-16      0.541387E-03     -0.169407E-20
  1.1671      0.949864E-04      0.551437E+01      0.000000E+00      0.523790E-03      0.000000E+00
  1.1711      0.942524E-04      0.537451E+01     -0.179737E-16      0.506561E-03     -0.169407E-20
  1.1751      0.934974E-04      0.521161E+01      0.000000E+00      0.487272E-03      0.000000E+00
  1.1791      0.927222E-04      0.502357E+01      0.000000E+00      0.465796E-03      0.000000E+00
  1.1831      0.919271E-04      0.482827E+01      0.000000E+00      0.443849E-03      0.000000E+00
  1.1871      0.911127E-04      0.465086E+01      0.000000E+00      0.423753E-03      0.000000E+00
  1.1910      0.902796E-04      0.450961E+01      0.000000E+00      0.407126E-03      0.000000E+00
  1.1950      0.894283E-04      0.440715E+01     -0.189433E-16      0.394124E-03     -0.169407E-20
  1.1990      0.885594E-04      0.433066E+01     -0.191291E-16      0.383521E-03     -0.169407E-20
  1.2030      0.876735E-04      0.425969E+01      0.000000E+00      0.373462E-03      0.000000E+00
  1.2070      0.867711E-04      0.417683E+01      0.000000E+00      0.362428E-03      0.000000E+00
  1.2110      0.858529E-04      0.407574E+01      0.000000E+00      0.349914E-03      0.000000E+00
  1.2150      0.849194E-04      0.396286E+01     -0.199491E-16      0.336524E-03     -0.169407E-20
  1.2190      0.839713E-04      0.385252E+01     -0.201743E-16      0.323501E-03     -0.169407E-20
  1.2230      0.830092E-04      0.375871E+01      0.000000E+00      0.312008E-03      0.000000E+00
  1.2270      0.820337E-04      0.368781E+01      0.000000E+00      0.302524E-03      0.000000E+00
  1.2309      0.810454E-04      0.363582E+01      0.000000E+00      0.294666E-03      0.000000E+00
  1.2349      0.800449E-04      0.359120E+01      0.000000E+00      0.287457E-03      0.000000E+00
  1.2389      0.790330E-04      0.354119E+01     -0.214349E-16      0.279871E-03     -0.169407E-20
  1.2429      0.780102E-04      0.347833E+01      0.000000E+00      0.271345E-03      0.000000E+00
  1.2469      0.769772E-04      0.340375E+01      0.000000E+00      0.262011E-03      0.000000E+00
  1.2509      0.759346E-04      0.332587E+01     -0.223095E-16      0.252549E-03     -0.169407E-20
  1.2549      0.748831E-04      0.325544E+01      0.000000E+00      0.243778E-03      0.000000E+00
  1.2589      0.738233E-04      0.319978E+01      0.000000E+00      0.236218E-03      0.000000E+00
  1.2629      0.727559E-04      0.315914E+01      0.000000E+00      0.229846E-03      0.000000E+00
  1.2669      0.716815E-04      0.312691E+01      0.000000E+00      0.224141E-03      0.000000E+00
  1.2708      0.706008E-04      0.309336E+01      0.000000E+00      0.218393E-03      0.000000E+00
  1.2748      0.695144E-04      0.305071E+01      0.000000E+00      0.212068E-03      0.000000E+00
  1.2788      0.684229E-04      0.299697E+01      0.000000E+00      0.205062E-03      0.000000E+00
  1.2828      0.673270E-04      0.293657E+01      0.000000E+00      0.197710E-03      0.000000E+00
  1.2868      0.662274E-04      0.287771E+01     -0.511591E-16      0.190584E-03     -0.338813E-20
  1.2908      0.651246E-04      0.282802E+01      0.000000E+00      0.184174E-03      0.000000E+00
  1.2948      0.640194E-04      0.279068E+01      0.000000E+00      0.178658E-03      0.000000E+00
  1.2988      0.629122E-04      0.276317E+01      0.000000E+00      0.173837E-03      0.000000E+00
  1.3028      0.618038E-04      0.273893E+01      0.000000E+00      0.169276E-03      0.000000E+00
  1.3068      0.606948E-04      0.271101E+01      0.000000E+00      0.164544E-03      0.000000E+00
  1.3107      0.595856E-04      0.267568E+01      0.000000E+00      0.159432E-03      0.000000E+00
  1.3147      0.584771E-04      0.263410E+01      0.000000E+00      0.154034E-03      0.000000E+00
  1.3187      0.573697E-04      0.259134E+01      0.000000E+00      0.148664E-03      0.000000E+00
  1.3227      0.562640E-04      0.255338E+01      0.000000E+00      0.143663E-03      0.000000E+00
  1.3267      0.551607E-04      0.252379E+01      0.000000E+00      0.139214E-03      0.000000E+00
  1.3307      0.540602E-04      0.250190E+01      0.000000E+00      0.135253E-03      0.000000E+00
  1.3347      0.529632E-04      0.248324E+01     -0.639715E-16      0.131520E-03     -0.338813E-20
  1.3387      0.518701E-04      0.246212E+01      0.000000E+00      0.127710E-03      0.000000E+00
  1.3427      0.507815E-04      0.243469E+01      0.000000E+00      0.123638E-03      0.000000E+00
  1.3467      0.496980E-04      0.240098E+01      0.000000E+00      0.119324E-03      0.000000E+00
  1.3506      0.486201E-04      0.236473E+01      0.000000E+00      0.114973E-03      0.000000E+00
  1.3546      0.475482E-04      0.233129E+01      0.000000E+00      0.110849E-03      0.000000E+00
  1.3586      0.464828E-04      0.230468E+01      0.000000E+00      0.107128E-03      0.000000E+00
  1.3626      0.454245E-04      0.228539E+01      0.000000E+00      0.103813E-03      0.000000E+00
  1.3666      0.443737E-04      0.227015E+01      0.000000E+00      0.100735E-03      0.000000E+00
  1.3706      0.433308E-04      0.225372E+01     -0.781922E-16      0.976557E-04     -0.338813E-20
  1.3746      0.422964E-04      0.223171E+01     -0.801046E-16      0.943931E-04     -0.338813E-20
  1.3786      0.412707E-04      0.220289E+01      0.000000E+00      0.909147E-04      0.000000E+00
  1.3826      0.402543E-04      0.216984E+01      0.000000E+00      0.873453E-04      0.000000E+00
  1.3866      0.392475E-04      0.213753E+01      0.000000E+00      0.838929E-04      0.000000E+00
  1.3905      0.382508E-04      0.211067E+01      0.000000E+00      0.807350E-04      0.000000E+00
  1.3945      0.372644E-04      0.209122E+01      0.000000E+00      0.779283E-04      0.000000E+00
  1.3985      0.362888E-04      0.207740E+01     -0.933657E-16      0.753865E-04     -0.338813E-20
  1.4025      0.353243E-04      0.206469E+01      0.000000E+00      0.729339E-04      0.000000E+00
  1.4065      0.343713E-04      0.204828E+01      0.000000E+00      0.704019E-04      0.000000E+00
  1.4105      0.334300E-04      0.202560E+01      0.000000E+00      0.677158E-04      0.000000E+00
  1.4145      0.325007E-04      0.199768E+01      0.000000E+00      0.649261E-04      0.000000E+00
  1.4185      0.315838E-04      0.196852E+01      0.000000E+00      0.621735E-04      0.000000E+00
  1.4225      0.306794E-04      0.194292E+01      0.000000E+00      0.596078E-04      0.000000E+00
  1.4265      0.297880E-04      0.192389E+01      0.000000E+00      0.573086E-04      0.000000E+00
  1.4304      0.289096E-04      0.191105E+01      0.000000E+00      0.552476E-04      0.000000E+00
  1.4344      0.280446E-04      0.190089E+01      0.000000E+00      0.533095E-04      0.000000E+00
  1.4384      0.271930E-04      0.188867E+01      0.000000E+00      0.513587E-04      0.000000E+00
  1.4424      0.263553E-04      0.187104E+01      0.000000E+00      0.493116E-04      0.000000E+00
  1.4464      0.255314E-04      0.184787E+01      0.000000E+00      0.471786E-04      0.000000E+00
  1.4504      0.247216E-04      0.182243E+01      0.000000E+00      0.450532E-04      0.000000E+00
  1.4544      0.239260E-04      0.179970E+01      0.000000E+00      0.430596E-04      0.000000E+00
  1.4584      0.231448E-04      0.178380E+01      0.000000E+00      0.412857E-04      0.000000E+00
  1.4624      0.223781E-04      0.177582E+01     -0.151404E-15      0.397394E-04     -0.338813E-20
  1.4664      0.216260E-04      0.177322E+01      0.000000E+00      0.383475E-04      0.000000E+00
  1.4703      0.208885E-04      0.177108E+01      0.000000E+00      0.369954E-04      0.000000E+00
  1.4743      0.201659E-04      0.176458E+01      0.000000E+00      0.355844E-04      0.000000E+00
  1.4783      0.194580E-04      0.175126E+01      0.000000E+00      0.340761E-04      0.000000E+00
  1.4823      0.187651E-04      0.173207E+01      0.000000E+00      0.325024E-04      0.000000E+00
  1.4863      0.180870E-04      0.171054E+01      0.000000E+00      0.309386E-04      0.000000E+00
  1.4903      0.174240E-04      0.169067E+01      0.000000E+00      0.294582E-04      0.000000E+00
  1.4943      0.167758E-04      0.167467E+01      0.000000E+00      0.280940E-04      0.000000E+00
  1.4983      0.161427E-04      0.166179E+01      0.000000E+00      0.268257E-04      0.000000E+00
  1.5023      0.155244E-04      0.164891E+01      0.000000E+00      0.255984E-04      0.000000E+00
  1.5063      0.149211E-04      0.163253E+01      0.000000E+00      0.243591E-04      0.000000E+00
  1.5102      0.143327E-04      0.161098E+01      0.000000E+00      0.230897E-04      0.000000E+00
  1.5142      0.137591E-04      0.158574E+01      0.000000E+00      0.218183E-04      0.000000E+00
  1.5182      0.132002E-04      0.156091E+01      0.000000E+00      0.206043E-04      0.000000E+00
  1.5222      0.126561E-04      0.154115E+01      0.000000E+00      0.195050E-04      0.000000E+00
  1.5262      0.121265E-04      0.152924E+01      0.000000E+00      0.185443E-04      0.000000E+00
  1.5302      0.116115E-04      0.152436E+01      0.000000E+00      0.177001E-04      0.000000E+00
  1.5342      0.111109E-04      0.152238E+01     -0.304939E-15      0.169149E-04     -0.338813E-20
  1.5382      0.106245E-04      0.151777E+01      0.000000E+00      0.161257E-04      0.000000E+00
  1.5422      0.101524E-04      0.150645E+01     -0.333728E-15      0.152940E-04     -0.338813E-20
  1.5462      0.969426E-05      0.148781E+01      0.000000E+00      0.144232E-04      0.000000E+00
  1.5501      0.925004E-05      0.146509E+01      0.000000E+00      0.135521E-04      0.000000E+00
  1.5541      0.881956E-05      0.144365E+01      0.000000E+00      0.127324E-04      0.000000E+00
  1.5581      0.840266E-05      0.142819E+01      0.000000E+00      0.120006E-04      0.000000E+00
  1.5621      0.799918E-05      0.142019E+01      0.000000E+00      0.113604E-04      0.000000E+00
  1.5661      0.760894E-05      0.141720E+01      0.000000E+00      0.107834E-04      0.000000E+00
  1.5701      0.723176E-05      0.141412E+01      0.000000E+00      0.102266E-04      0.000000E+00
  1.5741      0.686746E-05      0.140600E+01      0.000000E+00      0.965566E-05      0.000000E+00
  1.5781      0.651584E-05      0.139079E+01      0.000000E+00      0.906213E-05      0.000000E+00
  1.5821      0.617669E-05      0.137053E+01      0.000000E+00      0.846536E-05      0.000000E+00
  1.5861      0.584982E-05      0.135041E+01      0.000000E+00      0.789963E-05      0.000000E+00
  1.5900      0.553500E-05      0.133591E+01      0.000000E+00      0.739428E-05      0.000000E+00
  1.5940      0.523203E-05      0.132987E+01      0.000000E+00      0.695793E-05      0.000000E+00
  1.5980      0.494069E-05      0.133075E+01      0.000000E+00      0.657480E-05      0.000000E+00
  1.6020      0.466074E-05      0.133330E+01     -0.726952E-15      0.621417E-05     -0.338813E-20
  1.6060      0.439196E-05      0.133132E+01      0.000000E+00      0.584709E-05      0.000000E+00
  1.6100      0.413411E-05      0.132095E+01      0.000000E+00      0.546096E-05      0.000000E+00
  1.6140      0.388697E-05      0.130295E+01      0.000000E+00      0.506455E-05      0.000000E+00
  1.6180      0.365029E-05      0.128245E+01      0.000000E+00      0.468131E-05      0.000000E+00
  1.6220      0.342383E-05      0.126631E+01      0.000000E+00      0.433564E-05      0.000000E+00
  1.6260      0.320735E-05      0.125948E+01     -0.105636E-14      0.403961E-05     -0.338813E-20
  1.6299      0.300061E-05      0.126214E+01      0.000000E+00      0.378720E-05      0.000000E+00
  1.6339      0.280336E-05      0.126938E+01     -0.120860E-14      0.355854E-05     -0.338813E-20
  1.6379      0.261535E-05      0.127365E+01     -0.129548E-14      0.333105E-05     -0.338813E-20
  1.6419      0.243633E-05      0.126880E+01      0.000000E+00      0.309123E-05      0.000000E+00
  1.6459      0.226606E-05      0.125359E+01     -0.149516E-14      0.284071E-05     -0.338813E-20
  1.6499      0.210430E-05      0.123272E+01      0.000000E+00      0.259400E-05      0.000000E+00
  1.6539      0.195078E-05      0.121468E+01      0.000000E+00      0.236956E-05      0.000000E+00
  1.6579      0.180526E-05      0.120739E+01      0.000000E+00      0.217965E-05      0.000000E+00
  1.6619      0.166751E-05      0.121383E+01      0.000000E+00      0.202407E-05      0.000000E+00
  1.6659      0.153726E-05      0.123011E+01      0.000000E+00      0.189100E-05      0.000000E+00
  1.6698      0.141428E-05      0.124711E+01      0.000000E+00      0.176377E-05      0.000000E+00
  1.6738      0.129832E-05      0.125508E+01     -0.260962E-14      0.162951E-05     -0.338813E-20
  1.6778      0.118915E-05      0.124886E+01      0.000000E+00      0.148509E-05      0.000000E+00
  1.6818      0.108652E-05      0.123097E+01      0.000000E+00      0.133747E-05      0.000000E+00
  1.6858      0.990202E-06      0.121062E+01      0.000000E+00      0.119876E-05      0.000000E+00
  1.6898      0.899954E-06      0.119908E+01      0.000000E+00      0.107911E-05      0.000000E+00
  1.6938      0.815546E-06      0.120341E+01      0.000000E+00      0.981435E-06      0.000000E+00
  1.6978      0.736752E-06      0.122215E+01     -0.459874E-14      0.900421E-06     -0.338813E-20
  1.7018      0.663344E-06      0.124539E+01     -0.510765E-14      0.826121E-06     -0.338813E-20
  1.7058      0.595102E-06      0.125971E+01      0.000000E+00      0.749658E-06      0.000000E+00
  1.7097      0.531806E-06      0.125585E+01     -0.637100E-14      0.667871E-06     -0.338813E-20
  1.7137      0.473240E-06      0.123512E+01     -0.715943E-14      0.584508E-06     -0.338813E-20
  1.7177      0.419194E-06      0.121094E+01     -0.808248E-14      0.507621E-06     -0.338813E-20
  1.7217      0.369461E-06      0.120418E+01      0.000000E+00      0.444898E-06      0.000000E+00
  1.7257      0.323836E-06      0.123393E+01      0.000000E+00      0.399589E-06      0.000000E+00
  1.7297      0.282120E-06      0.130856E+01      0.000000E+00      0.369172E-06      0.000000E+00
  1.7337      0.244120E-06      0.142234E+01      0.000000E+00      0.347221E-06      0.000000E+00
  1.7377      0.209643E-06      0.156090E+01      0.000000E+00      0.327232E-06      0.000000E+00
  1.7417      0.178504E-06      0.171524E+01      0.000000E+00      0.306177E-06      0.000000E+00
  1.7457      0.150522E-06      0.189939E+01      0.000000E+00      0.285900E-06      0.000000E+00
  1.7496      0.125520E-06      0.216476E+01      0.000000E+00      0.271722E-06      0.000000E+00
  1.7536      0.103327E-06      0.260495E+01      0.000000E+00      0.269160E-06      0.000000E+00
  1.7576      0.837734E-07      0.334942E+01     -0.404440E-13      0.280593E-06     -0.338813E-20
  1.7616      0.666988E-07      0.455161E+01     -0.507975E-13      0.303587E-06     -0.338813E-20
  1.7656      0.519452E-07      0.638508E+01      0.000000E+00      0.331674E-06      0.000000E+00
  1.7696      0.393600E-07      0.907103E+01      0.000000E+00      0.357036E-06      0.000000E+00
  1.7736      0.287957E-07      0.129776E+02      0.000000E+00      0.373701E-06      0.000000E+00
  1.7776      0.201097E-07      0.188815E+02     -0.168483E-12      0.379701E-06     -0.338813E-20
  1.7816      0.131642E-07      0.286614E+02      0.000000E+00      0.377305E-06      0.000000E+00
  1.7856      0.782668E-08      0.474594E+02      0.000000E+00      0.371450E-06      0.000000E+00
  1.7895      0.396930E-08      0.925374E+02     -0.853584E-12      0.367309E-06     -0.338813E-20
  1.7935      0.146929E-08      0.250604E+03     -0.230597E-11      0.368209E-06     -0.338813E-20
  1.7975      0.208786E-09      0.179490E+04      0.000000E+00      0.374750E-06      0.000000E+00
  1.8015      0.748139E-10      0.514990E+04     -0.452875E-10      0.385284E-06     -0.338813E-20
  1.8055      0.959249E-09      0.414135E+03     -0.353207E-11      0.397258E-06     -0.338813E-20
  1.8095      0.275878E-08      0.148118E+03      0.000000E+00      0.408624E-06      0.000000E+00
  1.8135      0.537486E-08      0.778889E+02     -0.630367E-12      0.418641E-06     -0.338813E-20
  1.8175      0.871363E-08      0.491021E+02      0.000000E+00      0.427857E-06      0.000000E+00
  1.8215      0.126859E-07      0.344852E+02      0.000000E+00      0.437476E-06      0.000000E+00
  1.8255      0.172070E-07      0.260694E+02      0.000000E+00      0.448577E-06      0.000000E+00
  1.8294      0.221969E-07      0.207963E+02     -0.152640E-12      0.461615E-06     -0.338813E-20
  1.8334      0.275799E-07      0.172721E+02     -0.122848E-12      0.476363E-06     -0.338813E-20
  1.8374      0.332845E-07      0.147882E+02     -0.101793E-12      0.492218E-06     -0.338813E-20
  1.8414      0.392438E-07      0.129599E+02      0.000000E+00      0.508595E-06      0.000000E+00
  1.8454      0.453948E-07      0.115693E+02     -0.746370E-13      0.525186E-06     -0.338813E-20
  1.8494      0.516787E-07      0.104875E+02      0.000000E+00      0.541978E-06      0.000000E+00
  1.8534      0.580405E-07      0.963297E+01      0.000000E+00      0.559103E-06      0.000000E+00
  1.8574      0.644294E-07      0.895022E+01     -0.525867E-13      0.576657E-06     -0.338813E-20
  1.8614      0.707981E-07      0.839890E+01     -0.478562E-13      0.594627E-06     -0.338813E-20
  1.8654      0.771031E-07      0.794942E+01      0.000000E+00      0.612925E-06      0.000000E+00
  1.8693      0.833044E-07      0.758073E+01     -0.406717E-13      0.631508E-06     -0.338813E-20
  1.8733      0.893654E-07      0.727848E+01      0.000000E+00      0.650445E-06      0.000000E+00
  1.8773      0.952530E-07      0.703283E+01     -0.355698E-13      0.669898E-06     -0.338813E-20
  1.8813      0.100937E-06      0.683612E+01      0.000000E+00      0.690019E-06      0.000000E+00
  1.8853      0.106391E-06      0.668118E+01      0.000000E+00      0.710818E-06      0.000000E+00
  1.8893      0.111591E-06      0.656069E+01     -0.303621E-13      0.732113E-06     -0.338813E-20
  1.8933      0.116515E-06      0.646762E+01      0.000000E+00      0.753578E-06      0.000000E+00
  1.8973      0.121147E-06      0.639641E+01      0.000000E+00      0.774904E-06      0.000000E+00
  1.9013      0.125469E-06      0.634401E+01      0.000000E+00      0.795976E-06      0.000000E+00
  1.9053      0.129469E-06      0.631035E+01     -0.261695E-13      0.816994E-06     -0.338813E-20
  1.9092      0.133136E-06      0.629784E+01     -0.254486E-13      0.838471E-06     -0.338813E-20
  1.9132      0.136462E-06      0.630997E+01      0.000000E+00      0.861073E-06      0.000000E+00
  1.9172      0.139441E-06      0.634941E+01     -0.242980E-13      0.885368E-06     -0.338813E-20
  1.9212      0.142068E-06      0.641643E+01      0.000000E+00      0.911569E-06      0.000000E+00
  1.9252      0.144341E-06      0.650806E+01     -0.234731E-13      0.939380E-06     -0.338813E-20
  1.9292      0.146260E-06      0.661865E+01      0.000000E+00      0.968042E-06      0.000000E+00
  1.9332      0.147825E-06      0.674173E+01      0.000000E+00      0.996598E-06      0.000000E+00
  1.9372      0.149041E-06      0.687268E+01      0.000000E+00      0.102431E-05      0.000000E+00
  1.9412      0.149910E-06      0.701121E+01      0.000000E+00      0.105105E-05      0.000000E+00
  1.9452      0.150439E-06      0.716254E+01     -0.225216E-13      0.107753E-05     -0.338813E-20
  1.9491      0.150636E-06      0.733645E+01      0.000000E+00      0.110513E-05      0.000000E+00
  1.9531      0.150507E-06      0.754424E+01     -0.225115E-13      0.113546E-05     -0.338813E-20
  1.9571      0.150062E-06      0.779460E+01      0.000000E+00      0.116967E-05      0.000000E+00
  1.9611      0.149312E-06      0.809003E+01      0.000000E+00      0.120794E-05      0.000000E+00
  1.9651      0.148267E-06      0.842586E+01     -0.228515E-13      0.124928E-05     -0.338813E-20
  1.9691      0.146940E-06      0.879254E+01     -0.230579E-13      0.129198E-05     -0.338813E-20
  1.9731      0.145342E-06      0.918095E+01      0.000000E+00      0.133438E-05      0.000000E+00
  1.9771      0.143488E-06      0.958848E+01      0.000000E+00      0.137583E-05      0.000000E+00
  1.9811      0.141390E-06      0.100231E+02     -0.239630E-13      0.141717E-05     -0.338813E-20
  1.9851      0.139063E-06      0.105031E+02     -0.243639E-13      0.146060E-05     -0.338813E-20
  1.9890      0.136522E-06      0.110515E+02      0.000000E+00      0.150878E-05      0.000000E+00
  1.9930      0.133780E-06      0.116881E+02      0.000000E+00      0.156363E-05      0.000000E+00
  1.9970      0.130853E-06      0.124215E+02      0.000000E+00      0.162539E-05      0.000000E+00
  2.0010      0.127757E-06      0.132469E+02      0.000000E+00      0.169237E-05      0.000000E+00
  2.0050      0.124505E-06      0.141506E+02      0.000000E+00      0.176182E-05      0.000000E+00
  2.0090      0.121114E-06      0.151215E+02      0.000000E+00      0.183142E-05      0.000000E+00
  2.0130      0.117598E-06      0.161635E+02     -0.288112E-13      0.190079E-05     -0.338813E-20
  2.0170      0.113972E-06      0.173046E+02      0.000000E+00      0.197224E-05      0.000000E+00
  2.0210      0.110252E-06      0.185952E+02     -0.307309E-13      0.205015E-05     -0.338813E-20
  2.0250      0.106451E-06      0.200970E+02      0.000000E+00      0.213935E-05      0.000000E+00
  2.0289      0.102585E-06      0.218640E+02      0.000000E+00      0.224291E-05      0.000000E+00
  2.0329      0.986665E-07      0.239267E+02      0.000000E+00      0.236076E-05      0.000000E+00
  2.0369      0.947103E-07      0.262873E+02      0.000000E+00      0.248968E-05      0.000000E+00
  2.0409      0.907295E-07      0.289331E+02     -0.373432E-13      0.262508E-05     -0.338813E-20
  2.0449      0.867369E-07      0.318637E+02      0.000000E+00      0.276376E-05      0.000000E+00
  2.0489      0.827451E-07      0.351249E+02     -0.409466E-13      0.290641E-05     -0.338813E-20
  2.0529      0.787660E-07      0.388310E+02      0.000000E+00      0.305856E-05      0.000000E+00
  2.0569      0.748112E-07      0.431655E+02      0.000000E+00      0.322926E-05      0.000000E+00
  2.0609      0.708917E-07      0.483532E+02     -0.477931E-13      0.342784E-05     -0.338813E-20
  2.0648      0.670180E-07      0.546155E+02     -0.505555E-13      0.366022E-05     -0.338813E-20
  2.0688      0.632000E-07      0.621306E+02     -0.536097E-13      0.392665E-05     -0.338813E-20
  2.0728      0.594470E-07      0.710255E+02      0.000000E+00      0.422225E-05      0.000000E+00
  2.0768      0.557679E-07      0.814212E+02     -0.607542E-13      0.454069E-05     -0.338813E-20
  2.0808      0.521707E-07      0.935317E+02      0.000000E+00      0.487962E-05      0.000000E+00
  2.0848      0.486632E-07      0.107794E+03      0.000000E+00      0.524558E-05      0.000000E+00
  2.0888      0.452523E-07      0.124982E+03      0.000000E+00      0.565573E-05      0.000000E+00
  2.0928      0.419444E-07      0.146266E+03     -0.807767E-13      0.613504E-05     -0.338813E-20
  2.0968      0.387454E-07      0.173174E+03      0.000000E+00      0.670970E-05      0.000000E+00
  2.1008      0.356604E-07      0.207499E+03      0.000000E+00      0.739951E-05      0.000000E+00
  2.1048      0.326941E-07      0.251217E+03     -0.103631E-12      0.821331E-05     -0.338813E-20
  2.1087      0.298505E-07      0.306564E+03      0.000000E+00      0.915110E-05      0.000000E+00
  2.1127      0.271332E-07      0.376447E+03     -0.124871E-12      0.102142E-04     -0.338813E-20
  2.1167      0.245449E-07      0.465309E+03     -0.138038E-12      0.114210E-04     -0.338813E-20
  2.1207      0.220881E-07      0.580521E+03      0.000000E+00      0.128226E-04      0.000000E+00
  2.1247      0.197646E-07      0.734191E+03      0.000000E+00      0.145110E-04      0.000000E+00
  2.1287      0.175757E-07      0.945131E+03     -0.192773E-12      0.166114E-04     -0.338813E-20
  2.1327      0.155222E-07      0.124059E+04     -0.218277E-12      0.192567E-04     -0.338813E-20
  2.1367      0.136043E-07      0.165731E+04     -0.249048E-12      0.225466E-04     -0.338813E-20
  2.1407      0.118219E-07      0.224153E+04      0.000000E+00      0.264991E-04      0.000000E+00
  2.1446      0.101743E-07      0.304781E+04      0.000000E+00      0.310095E-04      0.000000E+00
  2.1486      0.866052E-08      0.413716E+04     -0.391216E-12      0.358300E-04     -0.338813E-20
  2.1526      0.727897E-08      0.557519E+04     -0.465468E-12      0.405817E-04     -0.338813E-20
  2.1566      0.602780E-08      0.743223E+04     -0.562084E-12      0.448000E-04     -0.338813E-20
  2.1606      0.490475E-08      0.978830E+04     -0.690786E-12      0.480091E-04     -0.338813E-20
  2.1646      0.390719E-08      0.127476E+05      0.000000E+00      0.498075E-04      0.000000E+00
  2.1686      0.303220E-08      0.164721E+05     -0.111738E-11      0.499468E-04     -0.338813E-20
  2.1726      0.227652E-08      0.212528E+05      0.000000E+00      0.483824E-04      0.000000E+00
  2.1766      0.163662E-08      0.276695E+05      0.000000E+00      0.452844E-04      0.000000E+00
  2.1806      0.110870E-08      0.369844E+05     -0.305596E-11      0.410045E-04     -0.338813E-20
  2.1846      0.688728E-09      0.522825E+05     -0.491941E-11      0.360084E-04     -0.338813E-20
  2.1885      0.372465E-09      0.826655E+05      0.000000E+00      0.307900E-04      0.000000E+00
  2.1925      0.155468E-09      0.165868E+06     -0.217931E-10      0.257873E-04     -0.338813E-20
  2.1965      0.331309E-10      0.643537E+06      0.000000E+00      0.213210E-04      0.000000E+00
  2.2005      0.697629E-12      0.251779E+08     -0.485664E-08      0.175648E-04     -0.338813E-20
  2.2045      0.532888E-10      0.273067E+06      0.000000E+00      0.145514E-04      0.000000E+00
  2.2085      0.185922E-09      0.656486E+05      0.000000E+00      0.122055E-04      0.000000E+00
  2.2125      0.393532E-09      0.264063E+05     -0.860954E-11      0.103917E-04     -0.338813E-20
  2.2165      0.670994E-09      0.133569E+05     -0.504942E-11      0.896237E-05     -0.338813E-20
  2.2205      0.101314E-08      0.769147E+04      0.000000E+00      0.779255E-05      0.000000E+00
  2.2245      0.141479E-08      0.480487E+04     -0.239480E-11      0.679787E-05     -0.338813E-20
  2.2284      0.187074E-08      0.317218E+04      0.000000E+00      0.593434E-05      0.000000E+00
  2.2324      0.237583E-08      0.218299E+04     -0.142608E-11      0.518641E-05     -0.338813E-20
  2.2364      0.292492E-08      0.155589E+04     -0.115837E-11      0.455085E-05     -0.338813E-20
  2.2404      0.351291E-08      0.114528E+04     -0.964480E-12      0.402326E-05     -0.338813E-20
  2.2444      0.413479E-08      0.868552E+03      0.000000E+00      0.359128E-05      0.000000E+00
  2.2484      0.478561E-08      0.675972E+03     -0.707983E-12      0.323494E-05     -0.338813E-20
  2.2524      0.546054E-08      0.536888E+03      0.000000E+00      0.293170E-05      0.000000E+00
  2.2564      0.615483E-08      0.432589E+03      0.000000E+00      0.266251E-05      0.000000E+00
  2.2604      0.686389E-08      0.351977E+03      0.000000E+00      0.241593E-05      0.000000E+00
  2.2643      0.758323E-08      0.288609E+03      0.000000E+00      0.218859E-05      0.000000E+00
  2.2683      0.830852E-08      0.238616E+03      0.000000E+00      0.198255E-05      0.000000E+00
  2.2723      0.903560E-08      0.199350E+03      0.000000E+00      0.180125E-05      0.000000E+00
  2.2763      0.976046E-08      0.168634E+03     -0.347128E-12      0.164594E-05     -0.338813E-20
  2.2803      0.104793E-07      0.144492E+03     -0.323318E-12      0.151416E-05     -0.338813E-20
  2.2843      0.111883E-07      0.125165E+03      0.000000E+00      0.140039E-05      0.000000E+00
  2.2883      0.118842E-07      0.109234E+03      0.000000E+00      0.129817E-05      0.000000E+00
  2.2923      0.125637E-07      0.957116E+02      0.000000E+00      0.120249E-05      0.000000E+00
  2.2963      0.132236E-07      0.840310E+02      0.000000E+00      0.111119E-05      0.000000E+00
  2.3003      0.138611E-07      0.739401E+02      0.000000E+00      0.102489E-05      0.000000E+00
  2.3043      0.144736E-07      0.653429E+02      0.000000E+00      0.945748E-06      0.000000E+00
  2.3082      0.150586E-07      0.581539E+02      0.000000E+00      0.875714E-06      0.000000E+00
  2.3122      0.156137E-07      0.522137E+02      0.000000E+00      0.815251E-06      0.000000E+00
  2.3162      0.161371E-07      0.472795E+02      0.000000E+00      0.762953E-06      0.000000E+00
  2.3202      0.166268E-07      0.430730E+02      0.000000E+00      0.716166E-06      0.000000E+00
  2.3242      0.170812E-07      0.393505E+02      0.000000E+00      0.672154E-06      0.000000E+00
  2.3282      0.174990E-07      0.359555E+02      0.000000E+00      0.629184E-06      0.000000E+00
  2.3322      0.178788E-07      0.328334E+02      0.000000E+00      0.587022E-06      0.000000E+00
  2.3362      0.182197E-07      0.300049E+02      0.000000E+00      0.546681E-06      0.000000E+00
  2.3402      0.185210E-07      0.275160E+02      0.000000E+00      0.509624E-06      0.000000E+00
  2.3441      0.187819E-07      0.253901E+02      0.000000E+00      0.476874E-06      0.000000E+00
  2.3481      0.190020E-07      0.236004E+02      0.000000E+00      0.448455E-06      0.000000E+00
  2.3521      0.191811E-07      0.220735E+02      0.000000E+00      0.423395E-06      0.000000E+00
  2.3561      0.193192E-07      0.207157E+02      0.000000E+00      0.400211E-06      0.000000E+00
  2.3601      0.194164E-07      0.194477E+02      0.000000E+00      0.377603E-06      0.000000E+00
  2.3641      0.194729E-07      0.182295E+02      0.000000E+00      0.354981E-06      0.000000E+00
  2.3681      0.194891E-07      0.170660E+02      0.000000E+00      0.332602E-06      0.000000E+00
  2.3721      0.194658E-07      0.159919E+02      0.000000E+00      0.311295E-06      0.000000E+00
  2.3761      0.194035E-07      0.150461E+02      0.000000E+00      0.291947E-06      0.000000E+00
  2.3801      0.193032E-07      0.142480E+02      0.000000E+00      0.275032E-06      0.000000E+00
  2.3841      0.191660E-07      0.135864E+02      0.000000E+00      0.260397E-06      0.000000E+00
  2.3880      0.189928E-07      0.130250E+02      0.000000E+00      0.247382E-06      0.000000E+00
  2.3920      0.187851E-07      0.125194E+02      0.000000E+00      0.235178E-06      0.000000E+00
  2.3960      0.185440E-07      0.120362E+02      0.000000E+00      0.223200E-06      0.000000E+00
  2.4000      0.182711E-07      0.115652E+02      0.000000E+00      0.211310E-06      0.000000E+00
  2.4040      0.179679E-07      0.111187E+02      0.000000E+00      0.199779E-06      0.000000E+00
  2.4080      0.176360E-07      0.107197E+02      0.000000E+00      0.189052E-06      0.000000E+00
  2.4120      0.172770E-07      0.103865E+02      0.000000E+00      0.179447E-06      0.000000E+00
  2.4160      0.168928E-07      0.101207E+02      0.000000E+00      0.170967E-06      0.000000E+00
  2.4200      0.164851E-07      0.990566E+01      0.000000E+00      0.163296E-06      0.000000E+00
  2.4240      0.160557E-07      0.971436E+01      0.000000E+00      0.155971E-06      0.000000E+00
  2.4279      0.156066E-07      0.952323E+01      0.000000E+00      0.148625E-06      0.000000E+00
  2.4319      0.151395E-07      0.932350E+01      0.000000E+00      0.141153E-06      0.000000E+00
  2.4359      0.146565E-07      0.912471E+01      0.000000E+00      0.133736E-06      0.000000E+00
  2.4399      0.141595E-07      0.894863E+01      0.000000E+00      0.126708E-06      0.000000E+00
  2.4439      0.136503E-07      0.881704E+01      0.000000E+00      0.120356E-06      0.000000E+00
  2.4479      0.131310E-07      0.873994E+01      0.000000E+00      0.114764E-06      0.000000E+00
  2.4519      0.126035E-07      0.871033E+01      0.000000E+00      0.109780E-06      0.000000E+00
  2.4559      0.120696E-07      0.870833E+01      0.000000E+00      0.105106E-06      0.000000E+00
  2.4599      0.115312E-07      0.871214E+01      0.000000E+00      0.100461E-06      0.000000E+00
  2.4638      0.109902E-07      0.871016E+01      0.000000E+00      0.957261E-07      0.000000E+00
  2.4678      0.104483E-07      0.870753E+01      0.000000E+00      0.909791E-07      0.000000E+00
  2.4718      0.990743E-08      0.872377E+01      0.000000E+00      0.864302E-07      0.000000E+00
  2.4758      0.936918E-08      0.878258E+01      0.000000E+00      0.822855E-07      0.000000E+00
  2.4798      0.883524E-08      0.889923E+01      0.000000E+00      0.786268E-07      0.000000E+00
  2.4838      0.830721E-08      0.907272E+01      0.000000E+00      0.753690E-07      0.000000E+00
  2.4878      0.778663E-08      0.928704E+01      0.000000E+00      0.723147E-07      0.000000E+00
  2.4918      0.727497E-08      0.952149E+01      0.000000E+00      0.692685E-07      0.000000E+00
  2.4958      0.677363E-08      0.976482E+01      0.000000E+00      0.661432E-07      0.000000E+00
  2.4998      0.628393E-08      0.100254E+02      0.000000E+00      0.629991E-07      0.000000E+00
  2.5038      0.580713E-08      0.103317E+02      0.000000E+00      0.599973E-07      0.000000E+00
  2.5077      0.534438E-08      0.107211E+02      0.000000E+00      0.572976E-07      0.000000E+00
  2.5117      0.489678E-08      0.112241E+02      0.000000E+00      0.549622E-07      0.000000E+00
  2.5157      0.446533E-08      0.118518E+02      0.000000E+00      0.529221E-07      0.000000E+00
  2.5197      0.405095E-08      0.125965E+02      0.000000E+00      0.510277E-07      0.000000E+00
  2.5237      0.365446E-08      0.134514E+02      0.000000E+00      0.491576E-07      0.000000E+00
  2.5277      0.327662E-08      0.144437E+02      0.000000E+00      0.473266E-07      0.000000E+00
  2.5317      0.291806E-08      0.156726E+02      0.000000E+00      0.457337E-07      0.000000E+00
  2.5357      0.257937E-08      0.173362E+02      0.000000E+00      0.447167E-07      0.000000E+00
  2.5397      0.226103E-08      0.197388E+02      0.000000E+00      0.446301E-07      0.000000E+00
  2.5436      0.196342E-08      0.232733E+02      0.000000E+00      0.456953E-07      0.000000E+00
  2.5476      0.168686E-08      0.283888E+02      0.000000E+00      0.478878E-07      0.000000E+00
  2.5516      0.143156E-08      0.355604E+02      0.000000E+00      0.509068E-07      0.000000E+00
  2.5556      0.119767E-08      0.452855E+02      0.000000E+00      0.542370E-07      0.000000E+00
  2.5596      0.985238E-09      0.581324E+02      0.000000E+00      0.572742E-07      0.000000E+00
  2.5636      0.794250E-09      0.748729E+02      0.000000E+00      0.594678E-07      0.000000E+00
  2.5676      0.624602E-09      0.967522E+02      0.000000E+00      0.604316E-07      0.000000E+00
  2.5716      0.476119E-09      0.126015E+03      0.000000E+00      0.599981E-07      0.000000E+00
  2.5756      0.348552E-09      0.167021E+03      0.000000E+00      0.582156E-07      0.000000E+00
  2.5796      0.241585E-09      0.228926E+03      0.000000E+00      0.553051E-07      0.000000E+00
  2.5836      0.154833E-09      0.333273E+03      0.000000E+00      0.516016E-07      0.000000E+00
  2.5875      0.878475E-10      0.540659E+03      0.000000E+00      0.474955E-07      0.000000E+00
  2.5915      0.401209E-10      0.108121E+04      0.000000E+00      0.433791E-07      0.000000E+00
  2.5955      0.110883E-10      0.357117E+04      0.000000E+00      0.395980E-07      0.000000E+00
  2.5995      0.131795E-12      0.276232E+06      0.000000E+00      0.364060E-07      0.000000E+00
  2.6035      0.658416E-11      0.515312E+04      0.000000E+00      0.339290E-07      0.000000E+00
  2.6075      0.297324E-10      0.108124E+04      0.000000E+00      0.321478E-07      0.000000E+00
  2.6115      0.688217E-10      0.449142E+03      0.000000E+00      0.309107E-07      0.000000E+00
  2.6155      0.123059E-09      0.243595E+03      0.000000E+00      0.299767E-07      0.000000E+00
  2.6195      0.191619E-09      0.151759E+03      0.000000E+00      0.290798E-07      0.000000E+00
  2.6235      0.273643E-09      0.102310E+03      0.000000E+00      0.279965E-07      0.000000E+00
  2.6274      0.368249E-09      0.722200E+02      0.000000E+00      0.265950E-07      0.000000E+00
  2.6314      0.474533E-09      0.523726E+02      0.000000E+00      0.248525E-07      0.000000E+00
  2.6354      0.591571E-09      0.386114E+02      0.000000E+00      0.228414E-07      0.000000E+00
  2.6394      0.718427E-09      0.288014E+02      0.000000E+00      0.206917E-07      0.000000E+00
  2.6434      0.854151E-09      0.217166E+02      0.000000E+00      0.185492E-07      0.000000E+00
  2.6474      0.997791E-09      0.165779E+02      0.000000E+00      0.165413E-07      0.000000E+00
  2.6514      0.114839E-08      0.128518E+02      0.000000E+00      0.147588E-07      0.000000E+00
  2.6554      0.130499E-08      0.101556E+02      0.000000E+00      0.132529E-07      0.000000E+00
  2.6594      0.146664E-08      0.820912E+01      0.000000E+00      0.120398E-07      0.000000E+00
  2.6634      0.163239E-08      0.680486E+01      0.000000E+00      0.111082E-07      0.000000E+00
  2.6673      0.180132E-08      0.578738E+01      0.000000E+00      0.104249E-07      0.000000E+00
  2.6713      0.197250E-08      0.503939E+01      0.000000E+00      0.994018E-08      0.000000E+00
  2.6753      0.214503E-08      0.447298E+01      0.000000E+00      0.959467E-08      0.000000E+00
  2.6793      0.231803E-08      0.402465E+01      0.000000E+00      0.932926E-08      0.000000E+00
  2.6833      0.249064E-08      0.365203E+01      0.000000E+00      0.909592E-08      0.000000E+00
  2.6873      0.266204E-08      0.333045E+01      0.000000E+00      0.886578E-08      0.000000E+00
  2.6913      0.283141E-08      0.304819E+01      0.000000E+00      0.863065E-08      0.000000E+00
  2.6953      0.299797E-08      0.280090E+01      0.000000E+00      0.839701E-08      0.000000E+00
  2.6993      0.316100E-08      0.258638E+01      0.000000E+00      0.817555E-08      0.000000E+00
  2.7033      0.331979E-08      0.240112E+01      0.000000E+00      0.797122E-08      0.000000E+00
  2.7072      0.347365E-08      0.223939E+01      0.000000E+00      0.777885E-08      0.000000E+00
  2.7112      0.362196E-08      0.209443E+01      0.000000E+00      0.758594E-08      0.000000E+00
  2.7152      0.376413E-08      0.196075E+01      0.000000E+00      0.738054E-08      0.000000E+00
  2.7192      0.389961E-08      0.183589E+01      0.000000E+00      0.715927E-08      0.000000E+00
  2.7232      0.402787E-08      0.172069E+01      0.000000E+00      0.693070E-08      0.000000E+00
  2.7272      0.414846E-08      0.161794E+01      0.000000E+00      0.671196E-08      0.000000E+00
  2.7312      0.426095E-08      0.153021E+01      0.000000E+00      0.652014E-08      0.000000E+00
  2.7352      0.436495E-08      0.145779E+01      0.000000E+00      0.636319E-08      0.000000E+00
  2.7392      0.446014E-08      0.139795E+01      0.000000E+00      0.623505E-08      0.000000E+00
  2.7431      0.454620E-08      0.134570E+01      0.000000E+00      0.611782E-08      0.000000E+00
  2.7471      0.462291E-08      0.129576E+01      0.000000E+00      0.599019E-08      0.000000E+00
  2.7511      0.469004E-08      0.124481E+01      0.000000E+00      0.583821E-08      0.000000E+00
  2.7551      0.474745E-08      0.119294E+01      0.000000E+00      0.566341E-08      0.000000E+00
  2.7591      0.479500E-08      0.114378E+01      0.000000E+00      0.548442E-08      0.000000E+00
  2.7631      0.483263E-08      0.110319E+01      0.000000E+00      0.533130E-08      0.000000E+00
  2.7671      0.486031E-08      0.107706E+01      0.000000E+00      0.523484E-08      0.000000E+00
  2.7711      0.487804E-08      0.106916E+01      0.000000E+00      0.521538E-08      0.000000E+00
  2.7751      0.488586E-08      0.107972E+01      0.000000E+00      0.527537E-08      0.000000E+00
  2.7791      0.488387E-08      0.110538E+01      0.000000E+00      0.539852E-08      0.000000E+00
  2.7831      0.487220E-08      0.114024E+01      0.000000E+00      0.555549E-08      0.000000E+00
  2.7870      0.485099E-08      0.117777E+01      0.000000E+00      0.571336E-08      0.000000E+00
  2.7910      0.482044E-08      0.121259E+01      0.000000E+00      0.584520E-08      0.000000E+00
  2.7950      0.478079E-08      0.124167E+01      0.000000E+00      0.593617E-08      0.000000E+00
  2.7990      0.473229E-08      0.126459E+01      0.000000E+00      0.598442E-08      0.000000E+00
  2.8030      0.467523E-08      0.128281E+01      0.000000E+00      0.599742E-08      0.000000E+00
  2.8070      0.460994E-08      0.129853E+01      0.000000E+00      0.598614E-08      0.000000E+00
  2.8110      0.453674E-08      0.131375E+01      0.000000E+00      0.596015E-08      0.000000E+00
  2.8150      0.445601E-08      0.132984E+01      0.000000E+00      0.592580E-08      0.000000E+00
  2.8190      0.436814E-08      0.134786E+01      0.000000E+00      0.588765E-08      0.000000E+00
  2.8230      0.427354E-08      0.136924E+01      0.000000E+00      0.585150E-08      0.000000E+00
  2.8269      0.417264E-08      0.139631E+01      0.000000E+00      0.582628E-08      0.000000E+00
  2.8309      0.406587E-08      0.143217E+01      0.000000E+00      0.582301E-08      0.000000E+00
  2.8349      0.395370E-08      0.147973E+01      0.000000E+00      0.585041E-08      0.000000E+00
  2.8389      0.383659E-08      0.154034E+01      0.000000E+00      0.590965E-08      0.000000E+00
  2.8429      0.371503E-08      0.161271E+01      0.000000E+00      0.599127E-08      0.000000E+00
  2.8469      0.358950E-08      0.169299E+01      0.000000E+00      0.607697E-08      0.000000E+00
  2.8509      0.346049E-08      0.177616E+01      0.000000E+00      0.614638E-08      0.000000E+00
  2.8549      0.332850E-08      0.185850E+01      0.000000E+00      0.618602E-08      0.000000E+00
  2.8589      0.319402E-08      0.193988E+01      0.000000E+00      0.619603E-08      0.000000E+00
  2.8629      0.305755E-08      0.202471E+01      0.000000E+00      0.619067E-08      0.000000E+00
  2.8668      0.291960E-08      0.212072E+01      0.000000E+00      0.619165E-08      0.000000E+00
  2.8708      0.278064E-08      0.223588E+01      0.000000E+00      0.621717E-08      0.000000E+00
  2.8748      0.264116E-08      0.237472E+01      0.000000E+00      0.627202E-08      0.000000E+00
  2.8788      0.250164E-08      0.253611E+01      0.000000E+00      0.634444E-08      0.000000E+00
  2.8828      0.236255E-08      0.271385E+01      0.000000E+00      0.641161E-08      0.000000E+00
  2.8868      0.222435E-08      0.290044E+01      0.000000E+00      0.645159E-08      0.000000E+00
  2.8908      0.208747E-08      0.309240E+01      0.000000E+00      0.645529E-08      0.000000E+00
  2.8948      0.195235E-08      0.329455E+01      0.000000E+00      0.643213E-08      0.000000E+00
  2.8988      0.181941E-08      0.352072E+01      0.000000E+00      0.640564E-08      0.000000E+00
  2.9028      0.168904E-08      0.378976E+01      0.000000E+00      0.640106E-08      0.000000E+00
  2.9067      0.156163E-08      0.411839E+01      0.000000E+00      0.643140E-08      0.000000E+00
  2.9107      0.143753E-08      0.451441E+01      0.000000E+00      0.648961E-08      0.000000E+00
  2.9147      0.131710E-08      0.497437E+01      0.000000E+00      0.655172E-08      0.000000E+00
  2.9187      0.120064E-08      0.548832E+01      0.000000E+00      0.658951E-08      0.000000E+00
  2.9227      0.108847E-08      0.605083E+01      0.000000E+00      0.658615E-08      0.000000E+00
  2.9267      0.980862E-09      0.667401E+01      0.000000E+00      0.654628E-08      0.000000E+00
  2.9307      0.878071E-09      0.739616E+01      0.000000E+00      0.649435E-08      0.000000E+00
  2.9347      0.780329E-09      0.828111E+01      0.000000E+00      0.646199E-08      0.000000E+00
  2.9387      0.687847E-09      0.940744E+01      0.000000E+00      0.647088E-08      0.000000E+00
  2.9426      0.600808E-09      0.108529E+02      0.000000E+00      0.652052E-08      0.000000E+00
  2.9466      0.519375E-09      0.126846E+02      0.000000E+00      0.658806E-08      0.000000E+00
  2.9506      0.443682E-09      0.149666E+02      0.000000E+00      0.664041E-08      0.000000E+00
  2.9546      0.373844E-09      0.177944E+02      0.000000E+00      0.665232E-08      0.000000E+00
  2.9586      0.309947E-09      0.213598E+02      0.000000E+00      0.662039E-08      0.000000E+00
  2.9626      0.252055E-09      0.260460E+02      0.000000E+00      0.656502E-08      0.000000E+00
  2.9666      0.200209E-09      0.325615E+02      0.000000E+00      0.651911E-08      0.000000E+00
  2.9706      0.154425E-09      0.421534E+02      0.000000E+00      0.650955E-08      0.000000E+00
  2.9746      0.114697E-09      0.570369E+02      0.000000E+00      0.654198E-08      0.000000E+00
  2.9786      0.809963E-10      0.814538E+02      0.000000E+00      0.659746E-08      0.000000E+00
  2.9826      0.532710E-10      0.124706E+03      0.000000E+00      0.664321E-08      0.000000E+00
  2.9865      0.314493E-10      0.211500E+03      0.000000E+00      0.665154E-08      0.000000E+00
  2.9905      0.154380E-10      0.428563E+03      0.000000E+00      0.661615E-08      0.000000E+00
  2.9945      0.512425E-11      0.127953E+04      0.000000E+00      0.655664E-08      0.000000E+00
  2.9985      0.376135E-12      0.173026E+05      0.000000E+00      0.650811E-08      0.000000E+00
  3.0025      0.104354E-11      0.623037E+04      0.000000E+00      0.650164E-08      0.000000E+00
  3.0065      0.695914E-11      0.940720E+03      0.000000E+00      0.654660E-08      0.000000E+00
  3.0105      0.179394E-10      0.369295E+03      0.000000E+00      0.662492E-08      0.000000E+00
  3.0145      0.337854E-10      0.198337E+03      0.000000E+00      0.670091E-08      0.000000E+00
  3.0185      0.542844E-10      0.124184E+03      0.000000E+00      0.674123E-08      0.000000E+00
  3.0225      0.792102E-10      0.850140E+02      0.000000E+00      0.673398E-08      0.000000E+00
  3.0264      0.108325E-09      0.618125E+02      0.000000E+00      0.669585E-08      0.000000E+00
  3.0304      0.141380E-09      0.471289E+02      0.000000E+00      0.666308E-08      0.000000E+00
  3.0344      0.178117E-09      0.374540E+02      0.000000E+00      0.667120E-08      0.000000E+00
  3.0384      0.218269E-09      0.308555E+02      0.000000E+00      0.673478E-08      0.000000E+00
  3.0424      0.261562E-09      0.261469E+02      0.000000E+00      0.683903E-08      0.000000E+00
  3.0464      0.307715E-09      0.225792E+02      0.000000E+00      0.694796E-08      0.000000E+00
  3.0504      0.356444E-09      0.197089E+02      0.000000E+00      0.702511E-08      0.000000E+00
  3.0544      0.407460E-09      0.173140E+02      0.000000E+00      0.705476E-08      0.000000E+00
  3.0584      0.460471E-09      0.153144E+02      0.000000E+00      0.705186E-08      0.000000E+00
  3.0624      0.515185E-09      0.136930E+02      0.000000E+00      0.705440E-08      0.000000E+00
  3.0663      0.571308E-09      0.124320E+02      0.000000E+00      0.710250E-08      0.000000E+00
  3.0703      0.628549E-09      0.114800E+02      0.000000E+00      0.721571E-08      0.000000E+00
  3.0743      0.686617E-09      0.107508E+02      0.000000E+00      0.738166E-08      0.000000E+00
  3.0783      0.745225E-09      0.101483E+02      0.000000E+00      0.756277E-08      0.000000E+00
  3.0823      0.804090E-09      0.959787E+01      0.000000E+00      0.771755E-08      0.000000E+00
  3.0863      0.862934E-09      0.906766E+01      0.000000E+00      0.782480E-08      0.000000E+00
  3.0903      0.921486E-09      0.856954E+01      0.000000E+00      0.789671E-08      0.000000E+00
  3.0943      0.979479E-09      0.814041E+01      0.000000E+00      0.797336E-08      0.000000E+00
  3.0983      0.103666E-08      0.781466E+01      0.000000E+00      0.810112E-08      0.000000E+00
  3.1023      0.109277E-08      0.760178E+01      0.000000E+00      0.830700E-08      0.000000E+00
  3.1062      0.114758E-08      0.747961E+01      0.000000E+00      0.858346E-08      0.000000E+00
  3.1102      0.120086E-08      0.740524E+01      0.000000E+00      0.889265E-08      0.000000E+00
  3.1142      0.125239E-08      0.733660E+01      0.000000E+00      0.918827E-08      0.000000E+00
  3.1182      0.130196E-08      0.725288E+01      0.000000E+00      0.944296E-08      0.000000E+00
  3.1222      0.134938E-08      0.716323E+01      0.000000E+00      0.966591E-08      0.000000E+00
  3.1262      0.139447E-08      0.709976E+01      0.000000E+00      0.990036E-08      0.000000E+00
  3.1302      0.143705E-08      0.709904E+01      0.000000E+00      0.102017E-07      0.000000E+00
  3.1342      0.147697E-08      0.718223E+01      0.000000E+00      0.106079E-07      0.000000E+00
  3.1382      0.151409E-08      0.734414E+01      0.000000E+00      0.111197E-07      0.000000E+00
  3.1421      0.154828E-08      0.755701E+01      0.000000E+00      0.117004E-07      0.000000E+00
  3.1461      0.157943E-08      0.778660E+01      0.000000E+00      0.122984E-07      0.000000E+00
  3.1501      0.160744E-08      0.801222E+01      0.000000E+00      0.128792E-07      0.000000E+00
  3.1541      0.163222E-08      0.823991E+01      0.000000E+00      0.134493E-07      0.000000E+00
  3.1581      0.165370E-08      0.850196E+01      0.000000E+00      0.140596E-07      0.000000E+00
  3.1621      0.167182E-08      0.884283E+01      0.000000E+00      0.147836E-07      0.000000E+00
  3.1661      0.168655E-08      0.929881E+01      0.000000E+00      0.156829E-07      0.000000E+00
  3.1701      0.169785E-08      0.988218E+01      0.000000E+00      0.167785E-07      0.000000E+00
  3.1741      0.170572E-08      0.105786E+02      0.000000E+00      0.180441E-07      0.000000E+00
  3.1781      0.171015E-08      0.113597E+02      0.000000E+00      0.194268E-07      0.000000E+00
  3.1821      0.171116E-08      0.122052E+02      0.000000E+00      0.208850E-07      0.000000E+00
  3.1860      0.170877E-08      0.131234E+02      0.000000E+00      0.224249E-07      0.000000E+00
  3.1900      0.170304E-08      0.141599E+02      0.000000E+00      0.241148E-07      0.000000E+00
  3.1940      0.169400E-08      0.153889E+02      0.000000E+00      0.260687E-07      0.000000E+00
  3.1980      0.168173E-08      0.168910E+02      0.000000E+00      0.284062E-07      0.000000E+00
  3.2020      0.166630E-08      0.187287E+02      0.000000E+00      0.312076E-07      0.000000E+00
  3.2060      0.164781E-08      0.209293E+02      0.000000E+00      0.344876E-07      0.000000E+00
  3.2100      0.162635E-08      0.234868E+02      0.000000E+00      0.381976E-07      0.000000E+00
  3.2140      0.160202E-08      0.263774E+02      0.000000E+00      0.422572E-07      0.000000E+00
  3.2180      0.157496E-08      0.295829E+02      0.000000E+00      0.465920E-07      0.000000E+00
  3.2220      0.154529E-08      0.331045E+02      0.000000E+00      0.511558E-07      0.000000E+00
  3.2259      0.151313E-08      0.369563E+02      0.000000E+00      0.559197E-07      0.000000E+00
  3.2299      0.147864E-08      0.411373E+02      0.000000E+00      0.608273E-07      0.000000E+00
  3.2339      0.144197E-08      0.455888E+02      0.000000E+00      0.657375E-07      0.000000E+00
  3.2379      0.140326E-08      0.501569E+02      0.000000E+00      0.703833E-07      0.000000E+00
  3.2419      0.136269E-08      0.545805E+02      0.000000E+00      0.743764E-07      0.000000E+00
  3.2459      0.132042E-08      0.585159E+02      0.000000E+00      0.772654E-07      0.000000E+00
  3.2499      0.127661E-08      0.615986E+02      0.000000E+00      0.786375E-07      0.000000E+00
  3.2539      0.123145E-08      0.635253E+02      0.000000E+00      0.782280E-07      0.000000E+00
  3.2579      0.118510E-08      0.641301E+02      0.000000E+00      0.760004E-07      0.000000E+00
  3.2619      0.113774E-08      0.634297E+02      0.000000E+00      0.721665E-07      0.000000E+00
  3.2658      0.108956E-08      0.616193E+02      0.000000E+00      0.671376E-07      0.000000E+00
  3.2698      0.104072E-08      0.590220E+02      0.000000E+00      0.614254E-07      0.000000E+00
  3.2738      0.991413E-09      0.560065E+02      0.000000E+00      0.555256E-07      0.000000E+00
  3.2778      0.941811E-09      0.529023E+02      0.000000E+00      0.498240E-07      0.000000E+00
  3.2818      0.892090E-09      0.499387E+02      0.000000E+00      0.445498E-07      0.000000E+00
  3.2858      0.842423E-09      0.472262E+02      0.000000E+00      0.397845E-07      0.000000E+00
  3.2898      0.792979E-09      0.447799E+02      0.000000E+00      0.355095E-07      0.000000E+00
  3.2938      0.743925E-09      0.425700E+02      0.000000E+00      0.316689E-07      0.000000E+00
  3.2978      0.695424E-09      0.405756E+02      0.000000E+00      0.282173E-07      0.000000E+00
  3.3018      0.647632E-09      0.388195E+02      0.000000E+00      0.251407E-07      0.000000E+00
  3.3057      0.600703E-09      0.373695E+02      0.000000E+00      0.224480E-07      0.000000E+00
  3.3097      0.554782E-09      0.363124E+02      0.000000E+00      0.201455E-07      0.000000E+00
  3.3137      0.510009E-09      0.357136E+02      0.000000E+00      0.182143E-07      0.000000E+00
  3.3177      0.466520E-09      0.355857E+02      0.000000E+00      0.166014E-07      0.000000E+00
  3.3217      0.424439E-09      0.358828E+02      0.000000E+00      0.152300E-07      0.000000E+00
  3.3257      0.383886E-09      0.365260E+02      0.000000E+00      0.140218E-07      0.000000E+00
  3.3297      0.344972E-09      0.374508E+02      0.000000E+00      0.129195E-07      0.000000E+00
  3.3337      0.307801E-09      0.386564E+02      0.000000E+00      0.118985E-07      0.000000E+00
  3.3377      0.272467E-09      0.402381E+02      0.000000E+00      0.109636E-07      0.000000E+00
  3.3417      0.239057E-09      0.423865E+02      0.000000E+00      0.101328E-07      0.000000E+00
  3.3456      0.207649E-09      0.453600E+02      0.000000E+00      0.941897E-08      0.000000E+00
  3.3496      0.178311E-09      0.494468E+02      0.000000E+00      0.881693E-08      0.000000E+00
  3.3536      0.151103E-09      0.549478E+02      0.000000E+00      0.830280E-08      0.000000E+00
  3.3576      0.126076E-09      0.622128E+02      0.000000E+00      0.784357E-08      0.000000E+00
  3.3616      0.103272E-09      0.717618E+02      0.000000E+00      0.741094E-08      0.000000E+00
  3.3656      0.827214E-10      0.845235E+02      0.000000E+00      0.699190E-08      0.000000E+00
  3.3696      0.644493E-10      0.102260E+03      0.000000E+00      0.659058E-08      0.000000E+00
  3.3736      0.484694E-10      0.128360E+03      0.000000E+00      0.622152E-08      0.000000E+00
  3.3776      0.347870E-10      0.169560E+03      0.000000E+00      0.589849E-08      0.000000E+00
  3.3816      0.233987E-10      0.240408E+03      0.000000E+00      0.562523E-08      0.000000E+00
  3.3855      0.142922E-10      0.377313E+03      0.000000E+00      0.539263E-08      0.000000E+00
  3.3895      0.744690E-11      0.696040E+03      0.000000E+00      0.518334E-08      0.000000E+00
  3.3935      0.283385E-11      0.175751E+04      0.000000E+00      0.498052E-08      0.000000E+00
  3.3975      0.416132E-12      0.114764E+05      0.000000E+00      0.477572E-08      0.000000E+00
  3.4015      0.149099E-12      0.306620E+05      0.000000E+00      0.457169E-08      0.000000E+00
  3.4055      0.198065E-11      0.221086E+04      0.000000E+00      0.437895E-08      0.000000E+00
  3.4095      0.585159E-11      0.719214E+03      0.000000E+00      0.420855E-08      0.000000E+00
  3.4135      0.116959E-10      0.347573E+03      0.000000E+00      0.406518E-08      0.000000E+00
  3.4175      0.194413E-10      0.202891E+03      0.000000E+00      0.394446E-08      0.000000E+00
  3.4215      0.290093E-10      0.132214E+03      0.000000E+00      0.383543E-08      0.000000E+00
  3.4254      0.403159E-10      0.924380E+02      0.000000E+00      0.372672E-08      0.000000E+00
  3.4294      0.532718E-10      0.678113E+02      0.000000E+00      0.361243E-08      0.000000E+00
  3.4334      0.677831E-10      0.515575E+02      0.000000E+00      0.349472E-08      0.000000E+00
  3.4374      0.837514E-10      0.403772E+02      0.000000E+00      0.338164E-08      0.000000E+00
  3.4414      0.101074E-09      0.324697E+02      0.000000E+00      0.328186E-08      0.000000E+00
  3.4454      0.119646E-09      0.267404E+02      0.000000E+00      0.319939E-08      0.000000E+00
  3.4494      0.139359E-09      0.224697E+02      0.000000E+00      0.313135E-08      0.000000E+00
  3.4534      0.160101E-09      0.191741E+02      0.000000E+00      0.306978E-08      0.000000E+00
  3.4574      0.181758E-09      0.165404E+02      0.000000E+00      0.300635E-08      0.000000E+00
  3.4614      0.204217E-09      0.143818E+02      0.000000E+00      0.293700E-08      0.000000E+00
  3.4653      0.227361E-09      0.125965E+02      0.000000E+00      0.286396E-08      0.000000E+00
  3.4693      0.251074E-09      0.111278E+02      0.000000E+00      0.279390E-08      0.000000E+00
  3.4733      0.275239E-09      0.993198E+01      0.000000E+00      0.273367E-08      0.000000E+00
  3.4773      0.299740E-09      0.896108E+01      0.000000E+00      0.268599E-08      0.000000E+00
  3.4813      0.324460E-09      0.816071E+01      0.000000E+00      0.264783E-08      0.000000E+00
  3.4853      0.349286E-09      0.747851E+01      0.000000E+00      0.261214E-08      0.000000E+00
  3.4893      0.374104E-09      0.687524E+01      0.000000E+00      0.257205E-08      0.000000E+00
  3.4933      0.398803E-09      0.633090E+01      0.000000E+00      0.252478E-08      0.000000E+00
  3.4973      0.423274E-09      0.584279E+01      0.000000E+00      0.247310E-08      0.000000E+00
  3.5013      0.447412E-09      0.541677E+01      0.000000E+00      0.242352E-08      0.000000E+00
  3.5052      0.471113E-09      0.505669E+01      0.000000E+00      0.238227E-08      0.000000E+00
  3.5092      0.494278E-09      0.475747E+01      0.000000E+00      0.235152E-08      0.000000E+00
  3.5132      0.516812E-09      0.450472E+01      0.000000E+00      0.232810E-08      0.000000E+00
  3.5172      0.538623E-09      0.428016E+01      0.000000E+00      0.230539E-08      0.000000E+00
  3.5212      0.559624E-09      0.406929E+01      0.000000E+00      0.227728E-08      0.000000E+00
  3.5252      0.579733E-09      0.386677E+01      0.000000E+00      0.224169E-08      0.000000E+00
  3.5292      0.598872E-09      0.367664E+01      0.000000E+00      0.220184E-08      0.000000E+00
  3.5332      0.616967E-09      0.350771E+01      0.000000E+00      0.216414E-08      0.000000E+00
  3.5372      0.633954E-09      0.336682E+01      0.000000E+00      0.213441E-08      0.000000E+00
  3.5412      0.649768E-09      0.325386E+01      0.000000E+00      0.211426E-08      0.000000E+00
  3.5451      0.664356E-09      0.316113E+01      0.000000E+00      0.210011E-08      0.000000E+00
  3.5491      0.677665E-09      0.307715E+01      0.000000E+00      0.208528E-08      0.000000E+00
  3.5531      0.689653E-09      0.299260E+01      0.000000E+00      0.206386E-08      0.000000E+00
  3.5571      0.700280E-09      0.290494E+01      0.000000E+00      0.203427E-08      0.000000E+00
  3.5611      0.709513E-09      0.281914E+01      0.000000E+00      0.200022E-08      0.000000E+00
  3.5651      0.717328E-09      0.274429E+01      0.000000E+00      0.196856E-08      0.000000E+00
  3.5691      0.723702E-09      0.268794E+01      0.000000E+00      0.194527E-08      0.000000E+00
  3.5731      0.728622E-09      0.265152E+01      0.000000E+00      0.193196E-08      0.000000E+00
  3.5771      0.732079E-09      0.262927E+01      0.000000E+00      0.192483E-08      0.000000E+00
  3.5811      0.734072E-09      0.261130E+01      0.000000E+00      0.191688E-08      0.000000E+00
  3.5850      0.734602E-09      0.258902E+01      0.000000E+00      0.190190E-08      0.000000E+00
  3.5890      0.733680E-09      0.255982E+01      0.000000E+00      0.187809E-08      0.000000E+00
  3.5930      0.731321E-09      0.252849E+01      0.000000E+00      0.184914E-08      0.000000E+00
  3.5970      0.727543E-09      0.250450E+01      0.000000E+00      0.182213E-08      0.000000E+00
  3.6010      0.722373E-09      0.249665E+01      0.000000E+00      0.180351E-08      0.000000E+00
  3.6050      0.715842E-09      0.250812E+01      0.000000E+00      0.179542E-08      0.000000E+00
  3.6090      0.707985E-09      0.253469E+01      0.000000E+00      0.179452E-08      0.000000E+00
  3.6130      0.698843E-09      0.256712E+01      0.000000E+00      0.179402E-08      0.000000E+00
  3.6170      0.688459E-09      0.259646E+01      0.000000E+00      0.178756E-08      0.000000E+00
  3.6210      0.676884E-09      0.261932E+01      0.000000E+00      0.177297E-08      0.000000E+00
  3.6249      0.664170E-09      0.264014E+01      0.000000E+00      0.175350E-08      0.000000E+00
  3.6289      0.650374E-09      0.266918E+01      0.000000E+00      0.173596E-08      0.000000E+00
  3.6329      0.635556E-09      0.271703E+01      0.000000E+00      0.172683E-08      0.000000E+00
  3.6369      0.619779E-09      0.278890E+01      0.000000E+00      0.172850E-08      0.000000E+00
  3.6409      0.603111E-09      0.288146E+01      0.000000E+00      0.173784E-08      0.000000E+00
  3.6449      0.585619E-09      0.298440E+01      0.000000E+00      0.174772E-08      0.000000E+00
  3.6489      0.567374E-09      0.308563E+01      0.000000E+00      0.175071E-08      0.000000E+00
  3.6529      0.548450E-09      0.317756E+01      0.000000E+00      0.174274E-08      0.000000E+00
  3.6569      0.528922E-09      0.326097E+01      0.000000E+00      0.172480E-08      0.000000E+00
  3.6609      0.508865E-09      0.334434E+01      0.000000E+00      0.170181E-08      0.000000E+00
  3.6648      0.488356E-09      0.343916E+01      0.000000E+00      0.167953E-08      0.000000E+00
  3.6688      0.467473E-09      0.355382E+01      0.000000E+00      0.166132E-08      0.000000E+00
  3.6728      0.446295E-09      0.368968E+01      0.000000E+00      0.164668E-08      0.000000E+00
  3.6768      0.424899E-09      0.384165E+01      0.000000E+00      0.163231E-08      0.000000E+00
  3.6808      0.403363E-09      0.400309E+01      0.000000E+00      0.161470E-08      0.000000E+00
  3.6848      0.381765E-09      0.417213E+01      0.000000E+00      0.159277E-08      0.000000E+00
  3.6888      0.360182E-09      0.435566E+01      0.000000E+00      0.156883E-08      0.000000E+00
  3.6928      0.338689E-09      0.456813E+01      0.000000E+00      0.154717E-08      0.000000E+00
  3.6968      0.317360E-09      0.482547E+01      0.000000E+00      0.153141E-08      0.000000E+00
  3.7008      0.296267E-09      0.513740E+01      0.000000E+00      0.152204E-08      0.000000E+00
  3.7047      0.275482E-09      0.550283E+01      0.000000E+00      0.151593E-08      0.000000E+00
  3.7087      0.255073E-09      0.591188E+01      0.000000E+00      0.150796E-08      0.000000E+00
  3.7127      0.235106E-09      0.635466E+01      0.000000E+00      0.149402E-08      0.000000E+00
  3.7167      0.215643E-09      0.683295E+01      0.000000E+00      0.147348E-08      0.000000E+00
  3.7207      0.196748E-09      0.736848E+01      0.000000E+00      0.144973E-08      0.000000E+00
  3.7247      0.178475E-09      0.800284E+01      0.000000E+00      0.142831E-08      0.000000E+00
  3.7287      0.160881E-09      0.878782E+01      0.000000E+00      0.141379E-08      0.000000E+00
  3.7327      0.144016E-09      0.977094E+01      0.000000E+00      0.140718E-08      0.000000E+00
  3.7367      0.127929E-09      0.109847E+02      0.000000E+00      0.140525E-08      0.000000E+00
  3.7407      0.112662E-09      0.124483E+02      0.000000E+00      0.140245E-08      0.000000E+00
  3.7446      0.982560E-10      0.141869E+02      0.000000E+00      0.139395E-08      0.000000E+00
  3.7486      0.847478E-10      0.162655E+02      0.000000E+00      0.137847E-08      0.000000E+00
  3.7526      0.721695E-10      0.188296E+02      0.000000E+00      0.135892E-08      0.000000E+00
  3.7566      0.605496E-10      0.221437E+02      0.000000E+00      0.134079E-08      0.000000E+00
  3.7606      0.499124E-10      0.266260E+02      0.000000E+00      0.132897E-08      0.000000E+00
  3.7646      0.402781E-10      0.328973E+02      0.000000E+00      0.132504E-08      0.000000E+00
  3.7686      0.316628E-10      0.418929E+02      0.000000E+00      0.132645E-08      0.000000E+00
  3.7726      0.240786E-10      0.551516E+02      0.000000E+00      0.132797E-08      0.000000E+00
  3.7766      0.175332E-10      0.755558E+02      0.000000E+00      0.132473E-08      0.000000E+00
  3.7806      0.120304E-10      0.109296E+03      0.000000E+00      0.131488E-08      0.000000E+00
  3.7845      0.757002E-11      0.171801E+03      0.000000E+00      0.130054E-08      0.000000E+00
  3.7885      0.414766E-11      0.310160E+03      0.000000E+00      0.128644E-08      0.000000E+00
  3.7925      0.175517E-11      0.727679E+03      0.000000E+00      0.127720E-08      0.000000E+00
  3.7965      0.380510E-12      0.334991E+04      0.000000E+00      0.127468E-08      0.000000E+00
  3.8005      0.791223E-14      0.161398E+06      0.000000E+00      0.127702E-08      0.000000E+00
  3.8045      0.617988E-12      0.207099E+04      0.000000E+00      0.127985E-08      0.000000E+00
  3.8085      0.218785E-11      0.584503E+03      0.000000E+00      0.127881E-08      0.000000E+00
  3.8125      0.469126E-11      0.271150E+03      0.000000E+00      0.127204E-08      0.000000E+00
  3.8165      0.809875E-11      0.155718E+03      0.000000E+00      0.126112E-08      0.000000E+00
  3.8205      0.123778E-10      0.100991E+03      0.000000E+00      0.125005E-08      0.000000E+00
  3.8244      0.174931E-10      0.710499E+02      0.000000E+00      0.124288E-08      0.000000E+00
  3.8284      0.234064E-10      0.530374E+02      0.000000E+00      0.124141E-08      0.000000E+00
  3.8324      0.300771E-10      0.413704E+02      0.000000E+00      0.124430E-08      0.000000E+00
  3.8364      0.374623E-10      0.333119E+02      0.000000E+00      0.124794E-08      0.000000E+00
  3.8404      0.455169E-10      0.274326E+02      0.000000E+00      0.124865E-08      0.000000E+00
  3.8444      0.541938E-10      0.229684E+02      0.000000E+00      0.124474E-08      0.000000E+00
  3.8484      0.634444E-10      0.195043E+02      0.000000E+00      0.123744E-08      0.000000E+00
  3.8524      0.732182E-10      0.167987E+02      0.000000E+00      0.122997E-08      0.000000E+00
  3.8564      0.834637E-10      0.146849E+02      0.000000E+00      0.122565E-08      0.000000E+00
  3.8604      0.941284E-10      0.130240E+02      0.000000E+00      0.122593E-08      0.000000E+00
  3.8643      0.105159E-09      0.116929E+02      0.000000E+00      0.122960E-08      0.000000E+00
  3.8683      0.116500E-09      0.105888E+02      0.000000E+00      0.123360E-08      0.000000E+00
  3.8723      0.128099E-09      0.963923E+01      0.000000E+00      0.123477E-08      0.000000E+00
  3.8763      0.139899E-09      0.880428E+01      0.000000E+00      0.123171E-08      0.000000E+00
  3.8803      0.151847E-09      0.807018E+01      0.000000E+00      0.122544E-08      0.000000E+00
  3.8843      0.163888E-09      0.743617E+01      0.000000E+00      0.121870E-08      0.000000E+00
  3.8883      0.175967E-09      0.690101E+01      0.000000E+00      0.121435E-08      0.000000E+00
  3.8923      0.188032E-09      0.645482E+01      0.000000E+00      0.121371E-08      0.000000E+00
  3.8963      0.200028E-09      0.607867E+01      0.000000E+00      0.121591E-08      0.000000E+00
  3.9003      0.211906E-09      0.575025E+01      0.000000E+00      0.121851E-08      0.000000E+00
  3.9042      0.223614E-09      0.545149E+01      0.000000E+00      0.121903E-08      0.000000E+00
  3.9082      0.235103E-09      0.517366E+01      0.000000E+00      0.121634E-08      0.000000E+00
  3.9122      0.246325E-09      0.491746E+01      0.000000E+00      0.121130E-08      0.000000E+00
  3.9162      0.257236E-09      0.468877E+01      0.000000E+00      0.120612E-08      0.000000E+00
  3.9202      0.267791E-09      0.449267E+01      0.000000E+00      0.120309E-08      0.000000E+00
  3.9242      0.277947E-09      0.432899E+01      0.000000E+00      0.120323E-08      0.000000E+00
  3.9282      0.287667E-09      0.419160E+01      0.000000E+00      0.120578E-08      0.000000E+00
  3.9322      0.296910E-09      0.407107E+01      0.000000E+00      0.120874E-08      0.000000E+00
  3.9362      0.305644E-09      0.395903E+01      0.000000E+00      0.121005E-08      0.000000E+00
  3.9402      0.313835E-09      0.385156E+01      0.000000E+00      0.120875E-08      0.000000E+00
  3.9441      0.321453E-09      0.375001E+01      0.000000E+00      0.120545E-08      0.000000E+00
  3.9481      0.328471E-09      0.365894E+01      0.000000E+00      0.120186E-08      0.000000E+00
  3.9521      0.334864E-09      0.358278E+01      0.000000E+00      0.119974E-08      0.000000E+00
  3.9561      0.340610E-09      0.352296E+01      0.000000E+00      0.119996E-08      0.000000E+00
  3.9601      0.345691E-09      0.347708E+01      0.000000E+00      0.120200E-08      0.000000E+00
  3.9641      0.350091E-09      0.344031E+01      0.000000E+00      0.120442E-08      0.000000E+00
  3.9681      0.353796E-09      0.340794E+01      0.000000E+00      0.120571E-08      0.000000E+00
  3.9721      0.356795E-09      0.337770E+01      0.000000E+00      0.120515E-08      0.000000E+00
  3.9761      0.359083E-09      0.335048E+01      0.000000E+00      0.120310E-08      0.000000E+00
  3.9801      0.360654E-09      0.332934E+01      0.000000E+00      0.120074E-08      0.000000E+00
  3.9840      0.361506E-09      0.331751E+01      0.000000E+00      0.119930E-08      0.000000E+00
  3.9880      0.361642E-09      0.331652E+01      0.000000E+00      0.119939E-08      0.000000E+00
  3.9920      0.361065E-09      0.332558E+01      0.000000E+00      0.120075E-08      0.000000E+00
  3.9960      0.359782E-09      0.334223E+01      0.000000E+00      0.120247E-08      0.000000E+00
  4.0000      0.357803E-09      0.336394E+01      0.000000E+00      0.120363E-08      0.000000E+00
